20	16
6	116
8	0
3	6
3	0
28	58
18	55
3	0
46	50
492	1142
11	118
14	0
4	5
3	13
10	10
74	897
280	921
13	0
7	0
16	29
3	0
23	126
4	154
131	444
65	406
6	97
12	83
224	1064
6	0
32	0
18	0
4	0
5	0
97	189
31	69
6	4
3	0
71	183
325	928
50	320
98	230
194	467
4	0
75	277
10	19
8	21
87	0
57	60
58	22
23	22
6	0
4	0
5	0
4	37
7	55
3	0
5	0
138	311
4	0
22	82
120	520
315	838
27	51
84	382
20	27
175	694
56	97
138	541
11	19
6	25
8	0
7	29
7	0
6	10
6	9
11	43
7	6
3	0
137	615
29	29
24	104
9	57
90	1523
14	40
3	0
6	41
4	0
5	11
5	6
60	219
77	135
4	0
3	28
47	617
55	62
62	143
12	37
250	594
3	0
185	241
452	1427
3	0
35	149
183	3783
32	87
8	48
117	466
28	37
26	220
18	66
7	120
65	390
8	9
75	183
267	1259
3	0
10	0
5	16
8	5
7	13
5	25
65	557
3	0
3	5
254	485
35	210
3	0
3	0
32	3
4	9
36	135
4	0
3	0
83	6
21	11
3	18
9	12
156	346
5	5
98	166
3	10
7	10
5	3
5	0
16	32
22	128
6	3
563	1666
17	116
24	75
3	0
7	0
18	31
4	0
159	498
10	0
29	21
9	0
6	4
94	120
38	128
3	0
3	0
82	168
21	12
4	0
9	0
90	196
96	139
6	0
9	14
62	119
13	140
5	6
174	269
3	0
15	133
4	0
263	543
23	68
242	462
6	0
3	0
9	32
3	22
13	43
5	0
6	12
4	0
6	58
5	0
33	85
52	88
323	1104
10	8
3	5
4	5
4	9
5	0
598	2227
15	5
5	12
5	0
3	12
7	3
9	48
81	258
19	0
69	104
3	19
5	26
38	26
27	130
14	54
5	18
5	0
6	21
22	74
6	6
4	6
5	4
210	381
4	20
7	8
10	43
5	0
9	293
28	53
55	122
156	457
5	32
114	536
12	271
6	3
6	3
78	24
7	13
21	43
12	10
8	65
186	510
3	0
5	0
386	2215
4	0
4	5
55	324
25	103
27	214
7	12
11	0
8	218
5	0
14	23
6	10
7	67
6	0
4	0
42	64
38	30
5	61
11	11
17	34
22	4
33	184
3	0
8	7
31	128
47	389
9	9
5	0
48	43
6	4
5	12
10	125
12	94
22	38
5	15
25	62
7	18
3	0
59	133
16	4
222	903
4	3
5	0
3	0
3	0
13	0
88	2620
17	21
46	184
3	0
46	175
15	46
14	24
93	393
16	152
5	3
3	0
6	3
188	536
9	12
32	9
77	202
6	13
29	33
112	1329
74	176
7	3
8	9
27	95
459	1080
15	28
25	113
3	0
347	1581
3	0
34	114
6	0
58	83
12	7
6	0
32	8
4	68
69	349
18	35
83	100
10	10
73	226
11	29
4	11
12	0
40	336
3	7
3	0
4	115
7	14
7	42
4	0
40	76
11	7
9	0
13	89
20	4
26	138
45	417
21	118
10	21
22	63
27	52
4	9
3	0
99	390
17	37
98	294
368	1029
17	4
26	402
12	12
4	0
8	0
4	165
17	12
51	368
6	5
65	280
17	10
16	19
51	101
34	65
25	186
56	133
11	9
9	10
4	13
11	0
6	0
33	140
5	0
33	10
4	15
11	20
64	72
4	0
293	1477
10	177
4	0
35	87
3	0
3	0
50	77
9	67
6	0
48	834
5	0
6	7
8	225
13	11
13	0
6	0
48	266
21	114
4	0
4	0
13	0
44	109
3	0
11	17
7	15
145	350
393	1352
7	33
8	60
23	158
9	16
3	0
6	0
16	0
7	8
3	20
3	0
26	15
7	0
6	4
771	2786
6	0
33	30
15	270
17	46
7	3
20	13
10	27
8	0
52	72
9	0
113	150
8	3
11	4
7	0
13	30
5	0
54	39
50	216
8	7
5	0
3	14
5	0
6	0
25	11
9	0
48	81
5	7
51	151
68	131
34	53
110	484
17	36
3	0
162	196
39	55
115	125
61	269
14	145
9	114
14	20
3	0
12	25
22	40
3	0
3	16
19	101
3	0
7	0
7	0
17	0
47	23
3	37
3	0
63	59
3	0
43	17
3	0
10	0
10	35
9	0
11	9
18	8
3	0
17	20
9	0
28	25
9	6
42	119
15	6
195	276
5	13
4	4
10	130
285	520
9	0
32	174
18	4
5	0
12	12
5	0
66	80
44	108
11	8
6	0
3	7
57	372
45	422
29	13
11	0
9	0
22	6
15	44
74	210
3	0
10	27
15	15
3	0
6	0
10	0
16	12
3	0
14	4
6	3
215	229
9	0
13	33
120	537
3	0
21	21
77	202
4	11
14	9
7	77
7	5
33	20
71	162
8	0
3	0
26	65
7	66
16	55
26	123
20	118
10	17
49	74
5	18
3	0
13	184
10	0
38	374
3	4
8	8
4	4
4	49
36	324
399	1021
29	260
21	100
166	633
12	0
15	50
11	802
15	62
17	98
29	20
6	0
12	109
317	1326
41	881
46	393
7	43
14	14
4	3
4	16
54	427
162	271
195	667
3	0
5	27
17	38
5	19
4	0
5	34
23	150
25	457
69	61
3	14
56	244
4	7
9	85
44	449
85	272
212	531
10	8
284	817
93	515
6	0
5	8
4	0
6	22
148	181
42	73
20	61
26	6
4	5
4	12
8	8
9	0
63	1358
4	0
5	9
41	128
204	718
10	68
38	38
17	86
4	0
35	461
3	0
5	11
33	0
96	173
197	307
100	590
88	48
16	9
177	537
4	0
3	0
34	41
35	90
12	0
4	26
109	154
15	54
3	0
5	0
7	21
3	8
6	8
225	855
508	1410
205	451
50	116
12	56
16	6
295	451
99	138
7	52
24	17
19	17
5	0
3	0
35	114
4	135
3	0
90	370
20	19
43	162
3	7
7	26
3	13
3	0
5	0
20	59
26	80
19	7
11	33
3	0
4	0
176	694
10	14
6	0
11	0
9	49
11	0
9	10
98	431
6	0
48	47
25	79
32	65
3	0
8	28
34	594
23	8
10	21
6	23
145	563
245	1258
7	0
20	25
10	123
71	50
5	0
25	112
5	0
102	395
11	8
132	2069
3	0
54	237
6	34
7	9
39	103
3	0
287	704
21	47
3	11
136	350
78	169
6	0
6	0
59	217
26	3
27	49
107	10
4	5
12	49
137	1249
44	88
151	338
21	6
3	19
12	0
25	12
13	20
10	41
5	41
65	63
3	0
11	0
4	0
30	67
84	191
185	324
12	7
9	21
3	0
4	0
5	0
3	0
14	37
11	11
33	19
3	0
7	32
3	0
101	333
10	18
8	0
3	0
14	17
47	330
12	22
4	18
5	9
8	17
28	42
20	355
7	0
8	0
137	242
3	3
17	13
3	0
5	24
3	0
22	162
13	19
112	383
20	0
28	19
9	7
9	0
23	45
29	44
25	53
3	0
58	29
44	60
15	0
5	4
42	99
123	335
61	39
20	34
16	0
6	49
24	136
19	53
5	0
19	18
75	132
6	4
14	58
12	37
14	18
87	64
3	46
4	0
130	138
16	26
3	6
5	0
3	17
22	42
7	22
71	232
4	6
81	591
8	0
19	95
65	105
484	1646
3	0
183	1005
17	9
13	278
18	43
22	30
12	187
4	15
10	69
9	11
7	32
14	45
13	26
120	135
13	83
148	317
29	37
30	77
73	1287
69	1012
3	14
50	249
15	5
186	335
6	8
8	7
36	79
16	5
19	87
7	0
8	0
5	56
101	331
20	85
28	159
8	5
20	118
13	11
3	18
8	6
10	71
30	55
7	35
36	19
21	37
12	30
4	57
9	42
31	168
7	14
6	0
60	377
4	0
3	0
51	128
3	0
5	91
8	7
6	13
29	62
38	161
12	12
120	852
29	50
3	0
3	0
22	100
13	53
12	22
5	0
58	87
4	0
21	110
34	77
20	20
7	0
4	0
16	28
3	0
7	23
10	20
26	132
270	349
58	427
3	0
12	119
7	15
4	4
25	129
11	31
22	163
7	0
3	3
19	12
4	4
35	651
7	0
12	14
3	0
4	0
61	87
196	477
7	0
3	0
38	24
5	0
18	12
10	17
53	21
74	259
3	0
3	13
10	3
5	18
74	145
6	0
3	7
5	6
3	0
70	4873
6	0
22	13
17	0
680	4955
25	93
22	120
14	7
53	1767
13	83
41	53
1156	3723
24	0
22	48
10	26
5	25
3	0
43	625
4	0
186	221
3	0
4	5
28	57
110	430
45	198
15	80
5	0
12	6
18	13
3	22
173	329
4	0
124	546
78	156
16	8
12	10
29	11
37	30
4	4
21	92
6	0
22	3
45	511
47	51
20	259
3	0
33	139
3	6
61	69
37	15
4	0
21	80
20	13
4	0
3	0
11	8
6	0
3	0
296	742
31	25
23	43
76	184
172	306
13	4
19	22
7	42
7	4
7	5
6	0
45	60
17	0
21	28
5	20
110	492
29	32
10	34
34	206
8	0
4	10
4	0
64	317
72	102
4	8
94	664
8	63
27	7
20	95
48	76
82	42
17	4
28	24
23	23
9	9
22	40
16	4
3	0
4	0
56	114
8	7
4	0
8	64
3	5
4	0
19	19
19	21
15	32
69	94
3	0
20	28
12	0
65	304
16	28
38	251
16	0
10	4
5	3
177	169
73	148
53	195
4	27
11	60
16	109
103	72
5	4
6	0
10	12
5	104
3	18
5	9
3	54
7	5
11	5
8	22
31	0
18	32
3	0
9	0
150	501
166	364
5	17
18	0
30	44
15	0
4	0
5	22
4	71
10	18
22	127
396	1159
19	21
6	7
7	57
3	0
11	0
5	0
14	0
23	0
3	16
15	140
11	7
4	0
7	10
3	0
7	102
90	259
7	0
14	28
37	142
8	153
4	14
3	0
32	114
3	0
21	40
5	0
15	12
21	3
11	54
5	0
18	83
68	173
331	497
25	57
8	55
4	0
38	14
52	30
6	8
105	354
7	0
4	0
17	0
5	0
30	247
3	0
4	12
3	0
4	0
5	0
16	0
23	35
4	0
117	301
14	0
5	5
5	15
6	3
16	0
17	9
4	0
6	12
3	20
5	0
4	0
15	0
38	83
29	37
21	0
11	7
9	0
4	14
30	36
3	0
3	0
19	137
45	79
5	0
49	136
6	109
14	13
10	0
18	6
13	56
9	10
4	0
85	383
12	0
3	0
4	0
118	285
5	8
3	0
3	0
177	207
16	24
8	3
5	28
40	86
22	11
8	7
3	0
5	7
6	15
3	0
29	30
8	36
3	0
25	119
6	0
6	40
6	24
6	0
14	16
28	47
6	23
157	223
20	10
7	12
3	24
11	17
10	11
6	0
5	0
3	26
4	5
3	0
7	43
9	7
13	29
3	0
5	14
20	33
5	10
9	9
23	314
16	67
13	20
36	53
4	0
3	0
6	0
5	0
6	0
3	29
17	45
22	162
13	66
16	4
18	73
174	725
26	184
9	10
13	54
12	100
12	39
27	38
11	7
7	11
8	11
12	12
12	0
4	0
24	9
6	0
6	0
47	103
60	52
89	186
9	81
31	595
6	15
28	68
28	178
77	406
39	204
18	10
10	8
7	21
9	47
18	157
80	1646
24	17
6	0
9	51
3	14
7	18
7	18
27	72
3	29
14	14
5	0
5	89
24	20
3	0
11	21
21	52
25	7
32	180
9	27
79	164
38	28
6	0
5	27
329	688
36	21
6	8
5	18
31	210
6	0
45	23
21	58
12	129
11	4
7	0
29	512
5	4
3	0
7	5
3	0
7	30
36	7
27	0
20	41
16	4
3	0
17	25
14	0
34	80
6	0
56	272
11	8
209	344
5	4
7	0
13	15
34	28
34	53
23	110
7	61
6	0
3	11
4	0
12	21
12	38
8	0
12	7
29	17
5	0
9	0
16	0
3	0
16	15
24	16
102	62
11	11
20	10
95	87
12	18
9	135
7	54
3	0
15	7
56	65
65	88
6	101
23	107
5	10
33	99
13	25
8	36
24	6
5	10
13	124
40	61
16	315
12	42
10	25
8	4
21	16
53	256
3	0
3	6
12	0
24	14
11	0
13	13
4	180
35	42
13	194
4	5
103	360
6	6
14	15
4	98
9	0
4	22
7	7
40	50
31	262
11	18
13	72
3	30
4	3
12	323
4	0
12	22
9	40
16	48
3	4
9	55
6	12
18	222
3	0
21	22
33	33
19	10
3	0
42	26
17	27
4	0
6	0
4	3
31	31
29	16
17	29
4	4
100	845
4	0
53	60
10	11
30	38
38	46
40	209
6	24
65	72
5	0
15	0
6	0
6	0
11	8
6	8
13	0
3	0
3	0
5	0
3	60
9	3
4	0
5	30
6	0
28	49
5	0
6	8
18	8
9	10
11	143
4	4
6	36
146	364
14	9
9	0
17	31
3	0
7	13
57	67
8	25
3	0
3	37
3	17
7	0
11	0
12	80
5	0
33	294
41	58
109	245
3	0
68	66
6	18
6	0
6	10
11	13
10	6
6	0
4	0
20	11
4	0
65	410
3	9
4	0
7	4
21	46
47	7
4	0
13	57
24	156
8	55
8	51
6	7
57	469
16	60
6	42
5	0
22	77
3	15
16	12
9	30
18	31
3	9
12	3
9	11
13	0
6	0
7	9
17	22
12	75
3	3
64	204
24	16
4	0
5	0
4	22
4	0
3	0
20	125
10	5
12	30
9	27
4	0
21	0
3	0
41	39
4	8
5	27
10	4
50	85
8	0
4	0
10	8
9	7
68	92
5	56
13	20
42	669
197	667
86	33
4	4
6	0
6	0
3	0
9	51
4	16
38	129
5	0
6	0
19	92
25	20
3	0
10	0
95	399
23	56
3	4
7	24
10	16
37	94
41	268
5	5
7	16
5	0
9	35
93	385
6	23
15	25
44	199
132	302
6	20
5	0
9	16
5	15
9	154
67	53
7	0
12	12
15	0
8	180
5	6
9	19
4	0
21	57
7	12
8	0
4	5
40	249
7	0
7	14
22	456
52	134
17	50
28	255
7	11
12	40
28	41
136	318
21	20
10	52
54	98
14	4
21	22
7	0
14	197
33	79
85	382
6	90
6	10
44	120
26	124
12	27
9	20
10	16
3	0
3	0
36	52
178	459
87	231
3	0
4	0
48	146
3	0
28	190
30	43
5	0
7	0
18	8
56	262
3	0
56	85
4	0
5	0
9	39
4	0
34	18
3	0
35	129
3	0
43	55
9	10
9	3
12	82
9	11
9	15
4	0
6	19
10	0
9	24
3	7
32	31
41	306
35	45
39	59
26	105
4	16
4	52
19	0
79	264
7	16
4	3
32	72
10	0
38	131
3	0
4	0
11	27
5	8
3	0
12	89
12	87
6	37
23	54
16	131
5	16
9	6
3	5
3	0
68	139
30	5
47	362
13	10
5	34
5	4
29	132
7	42
165	333
5	7
5	0
13	0
28	85
53	118
25	144
45	9
6	27
7	6
4	7
40	129
15	3
5	7
9	0
5	0
4	0
21	256
19	37
5	0
9	16
5	8
4	0
40	248
74	1100
13	20
4	0
3	0
23	107
29	84
5	0
8	0
8	0
43	36
41	9
3	0
31	11
11	15
5	0
128	299
9	17
6	14
20	75
23	137
48	216
113	315
10	9
12	14
6	4
3	0
24	4
7	7
15	23
5	5
8	8
114	243
3	13
15	18
6	9
40	141
21	8
6	351
10	4
3	0
21	91
9	25
3	0
8	33
3	0
7	14
61	139
53	197
8	35
23	96
4	0
15	8
4	4
20	64
11	0
3	6
3	3
10	47
16	76
6	5
6	23
7	0
16	34
5	0
61	103
10	30
10	3
7	3
16	45
14	48
6	0
9	0
23	70
9	31
79	322
20	81
16	61
4	9
11	0
6	50
24	73
13	8
5	10
4	29
5	4
3	0
9	0
13	12
16	9
15	15
19	43
505	1078
21	23
73	130
7	7
14	0
66	19
3	0
3	3
9	14
20	73
3	0
59	39
7	18
72	103
7	7
3	0
7	75
4	46
5	8
59	315
104	171
5	3
140	213
14	0
5	0
14	27
121	307
23	110
9	0
1938	75705
3	15
3	5
46	444
85	935
6	7
9	18
27	30
239	504
3	0
3	6
5	88
16	15
11	0
31	14
30	92
20	68
15	78
24	129
8	91
8	36
6	13
15	7
3	0
5	0
3	0
19	19
15	180
9	57
48	74
4	0
52	100
60	268
4	4
11	0
16	6
3	0
3	13
26	42
5	0
5	96
16	44
7	3
39	116
4	40
76	465
6	0
5	0
3	0
62	37
58	323
5	0
45	0
9	0
151	821
47	17
6	0
16	13
8	9
6	0
3	0
13	62
3	0
14	4
5	0
3	49
4	11
3	0
6	11
6	5
3	0
36	27
7	0
4	0
53	142
13	15
25	77
23	0
25	20
7	4
4	3
5	29
6	7
37	123
16	17
21	52
8	6
4	0
10	28
24	89
6	3
28	0
4	0
4	5
8	0
4	0
3	0
5	6
10	31
7	83
5	0
3	28
8	0
5	0
21	93
3	34
50	193
10	0
16	43
40	5
4	20
8	9
4	0
3	0
6	0
6	59
16	0
14	16
3	0
28	14
84	224
4	71
3	0
30	14
9	97
4	4
27	222
6	67
11	8
32	90
9	21
15	0
6	63
6	16
10	9
4	17
30	99
3	7
37	75
8	34
23	49
8	0
4	30
4	7
5	0
6	12
43	69
6	21
7	0
11	200
17	39
3	7
56	60
41	84
9	12
3	0
11	0
22	17
4	28
6	0
3	0
6	0
4	31
3	0
4	17
198	438
41	19
48	18
4	4
321	812
5	5
10	13
4	6
6	37
4	6
13	10
22	43
7	5
37	70
5	9
4	5
6	36
8	0
3	0
6	6
191	1131
6	0
4	0
39	112
5	72
20	38
14	13
15	20
15	8
5	0
28	14
10	5
3	0
96	562
14	4
3	0
4	0
10	68
9	23
15	39
8	73
7	50
12	9
6	3
45	94
336	2170
8	64
3	4
11	55
58	297
43	63
173	655
18	103
37	66
17	83
10	10
98	291
5	0
7	0
84	115
9	0
11	0
11	30
6	36
21	12
7	16
5	0
280	558
113	645
4	14
19	122
48	148
26	128
44	221
111	398
20	22
82	654
18	77
12	0
16	46
22	27
5	0
22	171
5	4
43	70
8	9
7	0
7	12
592	1834
24	33
152	389
17	53
17	24
4	0
4	0
5	0
17	5
17	0
31	25
15	36
7	15
20	19
4	0
56	195
22	23
21	12
4	4
16	81
12	8
27	40
29	633
11	49
11	9
5	62
22	147
11	45
18	7
16	25
29	116
19	45
25	8
10	0
20	17
5	5
10	0
5	5
9	12
44	186
3	6
22	19
108	191
3	15
5	0
9	61
163	968
20	75
17	15
7	0
221	1035
3	0
3	9
7	24
138	382
9	174
12	86
11	19
24	21
49	261
38	415
19	13
12	29
7	5
17	38
5	0
10	0
312	919
583	1039
9	39
6	0
3	23
5	36
7	18
5	14
16	46
5	11
3	0
4	0
10	0
4	5
3	0
10	7
4	0
11	10
3	4
6	47
19	41
11	41
9	15
8	12
12	11
6	0
8	19
41	638
64	248
50	107
22	27
3	14
10	3
7	9
5	3
27	12
3	0
12	59
7	0
102	317
4	5
5	0
4	0
21	82
6	35
26	25
126	288
28	11
36	21
39	9
37	23
9	8
13	0
7	0
136	308
18	0
19	51
5	6
8	0
18	5
3	6
4	0
63	197
15	3
16	4
6	31
3	0
11	11
6	27
3	0
8	0
10	50
29	25
6	5
107	168
19	47
4	13
53	60
149	893
20	170
11	28
46	680
26	107
26	8
7	6
87	80
7	0
16	32
9	17
137	871
12	94
5	0
33	433
3	0
16	0
8	19
5	44
6	0
21	191
85	300
30	155
24	18
16	92
22	4
28	119
14	67
4	12
57	235
6	18
9	7
25	136
6	5
120	464
9	99
40	32
13	41
83	425
16	0
6	19
4	0
21	218
28	81
9	14
12	38
5	28
4	0
26	288
86	212
5	8
8	7
11	4
4	9
10	25
107	913
34	80
37	239
7	0
64	132
26	330
5	0
4	0
16	11
9	9
4	101
6	29
6	0
30	200
12	4
7	0
20	77
10	83
4	4
5	17
9	31
12	23
3	0
13	31
234	406
28	61
11	34
101	356
253	800
120	2047
52	50
111	219
71	85
20	108
13	181
19	178
3	0
3	0
8	19
13	64
14	100
4	3
84	830
5	6
8	0
55	56
7	5
18	309
18	90
8	5
26	17
18	0
5	0
3	0
5	0
81	273
15	0
7	0
10	164
90	49
32	129
3	8
3	9
35	45
6	0
9	8
9	38
9	6
24	23
34	148
5	0
144	0
10	21
6	8
13	0
5	0
13	5
33	0
80	111
9	0
5	0
17	139
4	0
5	0
3	0
6	0
13	14
4	0
4	0
4	0
7	45
54	41
10	0
3	0
19	134
22	62
33	8
7	0
6	5
6	22
34	27
10	38
5	6
4	11
5	3
3	7
5	0
8	0
3	0
13	14
16	0
3	0
18	41
3	11
3	0
512	3326
7	0
12	13
3	0
13	19
164	581
211	689
32	83
5	0
6	0
244	1648
103	200
4	14
6	20
5	0
139	20
3	0
5	0
65	121
55	270
54	94
17	12
33	18
261	1363
12	255
42	893
3	5
4	0
3	3
7	24
4	11
11	0
28	65
27	351
4	0
25	11
338	737
11	0
40	42
84	224
5	9
32	20
108	209
24	66
6	0
57	182
8	14
168	2610
1218	2439
16	9
4	65
126	1006
14	17
94	257
4	0
3	0
54	396
8	0
34	566
5	0
86	153
7	80
55	124
3	15
6	0
24	91
10	9
25	9
121	2230
4	0
3	0
5	15
35	27
15	305
13	35
14	136
8	35
7	3
10	13
3	0
3	0
3	6
4	3
10	4
18	19
5	19
3	7
177	716
7	22
4	5
3	6
3	0
6	133
3	8
3	6
3	0
13	73
50	8
37	64
5	0
5	0
111	260
11	13
7	0
6	0
51	181
31	72
3	0
30	0
4	0
3	3
4	6
7	38
5	0
211	697
4	10
12	69
127	398
3	0
6	20
75	167
34	31
28	77
3	0
16	56
3	24
14	10
11	0
6	20
7	0
6	141
43	279
9	0
6	0
29	60
7	0
5	13
5	0
35	6
3	0
4	0
4	11
8	80
15	15
3	0
10	0
5	0
34	25
5	0
37	95
12	0
3	0
17	43
8	0
5	14
302	1767
13	16
7	11
6	0
5	0
4	22
8	0
4	4
22	0
5	25
4	20
5	0
8	0
9	22
32	70
11	23
8	20
7	0
4	0
107	227
4	24
4	0
5	0
17	171
6	38
3	4
3	27
7	5
3	9
8	10
3	0
3	0
51	143
4	0
9	30
3	0
4	4
17	135
19	409
40	90
7	0
21	436
8	32
3	0
176	225
146	356
23	26
4	5
8	0
5	0
11	100
4	13
47	48
67	11
5	207
3	0
3	0
11	5
37	63
3	29
5	0
14	75
16	35
3	0
3	4
3	0
14	27
85	276
91	82
3	4
4	0
4	0
70	75
8	6
6	0
23	19
3	0
71	72
26	3
51	129
33	91
127	1116
12	0
139	202
134	651
10	14
3	0
152	343
14	93
3	0
6	151
5	5
19	49
55	226
17	48
17	26
7	14
12	0
27	32
7	18
3	0
11	49
13	43
5	88
4	0
12	7
112	164
16	8
14	9
8	0
142	117
6	0
5	172
419	1112
13	0
4	24
7	0
17	10
36	19
22	52
3	0
5	4
8	4
173	304
10	12
183	302
4	0
20	343
105	426
3	0
213	207
21	66
16	5
5	32
5	6
18	33
36	200
10	6
88	279
20	26
17	15
4	0
3	0
6	7
9	8
8	0
5	10
55	827
6	10
13	5
171	450
96	245
20	24
6	0
15	31
3	44
6	0
7	0
454	1673
5	13
10	25
6	59
7	11
4	4
4	0
6	37
11	35
32	26
7	6
15	603
8	4
41	533
6	11
5	0
30	68
34	24
3	0
3	13
5	0
3	13
30	57
5	0
31	310
5	0
8	14
14	147
26	56
3	11
99	243
11	40
45	42
4	13
5	16
13	81
7	0
152	281
9	3
21	15
17	13
6	3
7	3
14	7
20	51
10	6
5	5
4	0
30	92
7	5
14	12
3	0
142	280
3	0
25	41
129	219
3	0
16	20
11	94
6	18
5	0
33	107
5	32
4	0
7	0
8	13
22	84
14	0
5	0
11	152
13	28
3	0
10	25
8	54
23	153
3	0
3	16
6	22
5	0
3	0
4	0
7	0
12	14
9	15
7	71
5	8
5	27
21	15
11	5
8	10
10	0
6	8
4	0
18	26
10	12
8	11
5	6
4	0
16	6
4	0
76	100
7	26
6	0
16	26
3	7
5	12
8	0
36	98
6	0
99	258
5	14
82	293
4	0
9	0
4	0
10	20
3	0
3	0
4	9
7	0
8	5
13	0
3	7
3	0
5	8
4	0
16	44
11	12
14	41
10	22
3	0
23	18
6	17
3	20
11	0
3	0
7	161
18	25
6	17
9	45
13	11
301	1140
7	4
5	3
17	19
5	5
31	61
10	10
4	0
7	14
5	0
5	46
5	63
4	0
3	0
6	15
5	0
4	0
9	0
3	37
3	0
5	6
39	13
4	26
4	0
11	0
12	3
13	4
4	0
7	5
11	22
22	654
6	45
24	181
5	6
29	0
6	17
8	7
5	4
6	4
18	80
18	0
4	0
36	0
40	32
15	35
34	50
8	0
3	0
9	0
3	56
3	10
16	90
14	18
11	7
5	0
5	4
5	0
8	0
3	0
4	5
3	0
4	0
17	130
26	4
6	4
14	52
3	0
13	29
3	0
13	51
5	80
64	410
5	17
31	122
4	4
4	14
17	18
5	26
70	110
3	0
47	104
8	23
4	0
5	0
14	12
7	24
7	8
9	0
3	5
3	0
60	290
7	80
7	0
199	615
4	11
4	4
3	8
13	48
26	16
80	420
4	0
57	54
164	530
4	4
34	28
4	0
75	187
7	36
25	31
10	43
5	29
3	0
4	16
3	14
14	0
22	60
9	56
9	3
144	716
73	161
3	11
9	115
4	0
4	0
12	26
4	54
8	28
11	0
6	0
5	0
5	4
6	0
9	7
3	0
5	7
4	0
3	0
6	0
8	0
3	0
4	0
30	131
5	0
37	47
7	3
5	8
7	38
4	0
21	49
10	0
8	0
3	6
23	145
11	8
23	9
3	5
6	4
17	4
4	0
7	4
30	37
12	50
18	45
39	169
20	29
10	6
36	295
3	0
6	0
10	16
6	0
3	0
3	0
14	29
26	50
27	52
41	23
83	351
8	50
4	3
3	22
17	10
14	0
46	138
58	265
74	120
24	25
12	22
19	9
59	108
9	36
21	25
55	241
4	0
11	5
4	3
16	0
3	7
3	4
28	28
9	4
4	3
151	564
3	0
11	59
5	87
3	0
4	0
13	94
9	13
6	37
4	0
10	18
10	63
53	25
10	20
6	16
3	7
5	0
12	0
49	179
3	0
7	9
19	5
6	0
6	0
17	9
3	0
55	1173
3	0
9	27
74	151
21	85
7	91
30	230
6	0
22	136
5	0
5	5
3	0
8	9
45	141
19	41
12	0
8	12
14	72
13	26
9	14
5	0
22	96
97	238
8	0
16	67
6	0
27	24
48	139
3	6
17	99
6	0
11	223
5	0
3	0
32	61
24	151
139	462
14	5
5	0
28	10
17	66
23	27
8	62
13	16
87	663
4	0
3	0
10	3
7	0
4	0
38	53
14	18
28	63
27	73
19	129
3	0
12	44
20	0
11	131
24	18
9	5
52	304
14	92
6	7
15	101
16	94
7	0
16	3
6	43
9	61
3	0
17	12
17	31
8	0
37	45
12	90
3	0
8	129
22	7
23	29
3	14
27	509
11	14
3	5
5	0
7	6
5	61
7	0
13	32
7	345
10	11
4	11
3	0
10	20
16	93
12	43
4	0
17	0
12	14
30	74
9	8
45	29
10	64
9	11
6	0
18	13
200	299
19	141
19	24
3	0
17	22
59	74
4	18
7	58
46	133
11	10
21	0
11	35
7	4
25	17
4	0
17	55
14	9
4	0
11	12
11	133
74	3
6	28
9	5
39	73
14	6
4	0
20	24
11	46
29	17
6	26
11	23
47	136
13	59
16	0
10	82
6	56
7	3
3	0
77	239
16	153
5	30
3	3
15	8
3	6
13	0
9	24
6	19
46	48
8	8
24	19
12	53
9	0
13	28
66	206
11	35
23	30
12	9
5	23
6	9
65	83
8	0
41	96
6	16
13	49
31	114
10	14
23	13
9	38
6	65
7	0
18	29
11	37
88	145
100	403
3	0
3	38
71	155
54	420
95	376
8	10
3	0
3	9
5	0
25	52
4	4
53	57
8	8
12	17
38	50
8	7
4	0
3	0
3	0
17	42
28	38
6	12
3	3
7	37
8	39
21	55
5	8
12	3
12	30
12	18
3	3
16	32
4	0
4	5
17	33
4	0
31	68
19	153
3	40
3	26
6	9
42	344
4	0
9	10
9	106
28	148
4	5
29	34
4	24
7	20
6	4
4	14
3	0
22	237
46	92
11	23
5	16
3	0
4	12
4	15
4	11
3	0
8	5
12	29
4	6
17	14
32	60
5	3
8	0
3	0
11	23
9	5
4	4
3	0
6	28
4	0
7	39
3	10
9	4
5	0
4	16
4	0
4	4
16	42
13	39
17	23
50	185
48	89
6	30
25	58
4	0
9	15
4	0
5	5
3	0
4	8
6	8
7	6
31	18
12	43
5	3
3	0
17	10
5	7
27	64
7	14
9	27
11	92
5	6
13	0
6	160
3	29
26	113
115	471
5	0
5	0
5	3
23	9
3	10
9	72
7	35
7	0
11	45
11	29
6	17
7	14
72	315
3	0
17	12
3	7
3	0
24	72
6	4
5	10
3	3
6	9
9	21
17	16
4	12
11	35
6	3
14	99
8	11
5	0
8	19
63	103
99	263
4	0
21	51
12	102
64	232
10	3
4	17
7	3
4	0
17	6
3	0
14	19
5	0
44	0
16	49
54	148
3	0
16	14
4	9
3	0
11	55
3	9
19	13
10	19
6	14
8	59
7	0
14	6
44	191
6	0
7	30
7	14
5	0
3	0
17	78
14	90
7	113
6	0
11	40
24	54
4	0
4	0
22	63
21	79
6	27
7	0
3	3
10	10
25	196
12	67
7	6
4	4
6	18
11	5
206	259
178	188
3	0
12	66
3	5
6	22
77	208
4	0
6	0
17	98
6	23
25	26
3	0
21	4
8	81
8	7
4	0
5	0
7	56
9	5
17	222
51	113
19	36
24	6
10	62
44	81
33	26
3	14
6	40
20	17
4	0
6	4
40	128
3	0
12	13
10	7
8	19
78	88
14	3
3	0
5	14
31	175
3	0
8	9
4	6
5	0
4	0
5	6
6	3
5	15
116	251
4	0
6	13
50	194
24	65
10	4
21	91
41	148
11	4
6	46
3	0
25	45
33	72
53	96
4	3
8	64
5	27
22	25
10	12
3	0
3	15
6	0
5	7
33	41
27	16
4	0
4	0
3	0
25	14
5	0
8	12
20	25
13	48
7	5
3	0
23	110
54	171
36	203
19	52
4	19
5	3
8	25
3	0
6	0
4	0
8	0
19	29
5	0
6	35
4	6
3	0
19	10
3	6
19	19
8	17
42	0
3	16
157	749
8	0
4	31
21	33
4	6
3	11
4	0
5	8
10	4
4	0
36	52
4	0
29	6
6	18
21	27
20	13
18	24
9	215
190	285
24	33
4	0
21	40
5	9
33	235
3	0
3	20
5	0
47	137
266	1604
4	13
13	0
93	120
6	9
3	0
5	56
5	18
14	5
3	0
4	33
3	0
3	0
54	62
53	248
12	73
92	341
4	0
3	0
13	41
3	3
154	348
8	32
21	16
7	54
9	90
9	14
4	3
3	27
23	80
92	126
89	89
3	73
5	7
7	19
16	4
17	67
8	0
17	31
14	0
72	222
22	6
3	21
55	128
76	98
8	8
19	26
8	7
7	3
4	14
4	0
14	36
5	9
7	11
26	80
33	128
77	235
14	34
3	0
8	3
6	0
5	0
10	0
7	4
3	10
3	0
6	9
9	7
5	56
3	6
5	0
3	0
3	0
5	6
46	112
60	25
4	7
4	0
9	34
6	10
12	6
6	4
247	664
5	0
3	0
4	16
7	51
9	46
17	31
3	0
3	0
5	0
9	15
5	0
8	10
8	0
32	31
63	0
31	0
4	0
3	0
13	0
4	0
24	7
100	209
1743	2282
621	1196
478	7682
963	1323
1487	7733
103	0
75	211
394	1848
315	759
4	0
209	586
319	448
12	0
17	63
52	227
838	2103
1122	2443
5	0
15	0
136	177
8	0
5	0
140	251
290	1256
455	2664
152	686
6	0
1432	2778
1093	2629
210	633
173	350
82	321
36	0
96	276
11	20
203	315
987	3188
727	1118
3	0
116	331
104	557
301	788
14	0
268	1175
342	1496
9	0
58	0
127	384
119	781
12	0
157	379
148	333
5	0
144	329
46	92
148	572
13	52
9	23
3	5
29	99
177	1025
242	365
27	14
233	412
85	472
139	360
157	168
3	0
415	2350
1532	4364
162	192
427	1157
10	48
33	363
55	89
6	0
5	0
3	0
5	0
6	0
34	658
35	186
38	0
6	0
17	13
648	2804
66	4
51	182
28	38
4	0
45	99
3	0
9	43
17	0
6	0
190	514
15	53
5	0
65	546
61	1279
5	0
191	602
78	178
179	1293
47	197
56	15
10	0
594	2100
71	296
42	120
259	1041
114	159
86	2963
22	109
87	253
464	705
36	21
54	133
146	337
194	367
187	112
34	110
40	29
4	379
10	0
201	167
28	117
5	0
269	1162
220	320
55	182
172	613
8	0
59	210
166	303
115	160
7	0
8	5
23	0
16	727
58	33
7	0
109	210
4	0
126	370
218	515
23	19
562	3532
3	0
5	0
134	140
3	0
149	249
51	115
37	50
81	174
94	603
125	541
6	0
37	294
22	44
5	0
60	101
49	216
38	58
79	271
7	0
8	0
21	14
17	201
19	110
30	36
3	0
161	1068
91	83
12	43
84	1047
199	1044
19	0
123	976
145	243
18	61
231	951
30	25
341	413
40	151
124	495
508	843
44	74
670	1514
13	8
6	8
25	514
154	564
10	12
89	215
7	0
5	24
47	133
366	1847
15	0
10	6
23	104
261	367
7	8
3	0
16	77
312	1531
3	0
18	50
14	183
158	246
162	1346
169	450
7	0
48	953
183	1196
4	10
21	87
4	12
4	0
41	54
24	32
137	579
50	523
26	120
21	8
86	143
6	0
4	0
54	287
168	733
32	62
11	0
246	726
19	138
71	638
27	713
13	124
277	729
14	33
21	80
23	55
107	1449
8	16
74	599
8	16
9	26
7	72
31	183
5	62
278	900
252	965
3	0
524	3086
41	223
11	42
84	681
11	10
22	0
6	0
37	307
344	737
317	1586
3	18
36	88
24	178
34	662
40	262
4	330
4	11
189	423
12	0
18	26
3	4
3	0
53	50
11	28
34	269
130	406
67	62
27	0
18	0
4	0
3	22
5	0
10	31
3	0
57	42
4	0
52	89
3	61
3	0
3	23
5	0
19	124
9	25
61	63
3	5
8	0
3	0
4	11
4	0
6	113
5	0
6	0
7	27
8	26
160	392
20	55
43	0
3	0
10	67
3	0
10	58
5	0
13	26
3	0
21	0
4	0
45	110
3	0
14	137
3	31
4	0
8	55
21	23
9	9
6	36
6	23
3	19
6	0
6	0
11	6
5	4
3	0
7	100
4	15
10	11
6	5
5	28
3	0
6	13
123	302
3	11
13	70
39	33
32	59
11	9
7	13
26	77
66	0
6	0
18	16
187	725
10	150
10	7
38	79
14	26
15	7
32	0
26	14
4	0
11	32
3	0
3	3
5	10
6	47
8	3
17	138
30	56
18	64
4	0
8	0
7	0
3	0
3	0
9	0
7	0
7	0
31	1117
7	12
6	50
8	0
5	0
14	34
4	0
7	8
4	25
3	7
23	66
9	78
11	7
3	0
3	0
7	10
20	279
3	4
10	0
5	4
10	7
3	0
4	22
10	15
103	259
6	5
6	14
57	338
23	387
3	0
9	6
4	25
18	0
4	38
14	87
4	0
18	12
3	7
3	3
10	35
4	19
3	43
4	14
4	5
8	3
4	0
3	7
6	5
11	42
9	89
11	21
5	23
9	31
4	16
8	0
5	0
22	115
3	27
25	494
7	0
7	26
7	10
3	24
3	0
13	0
5	10
3	0
6	0
5	0
6	37
3	15
14	22
4	0
3	74
6	53
3	0
21	29
5	15
8	23
4	7
18	95
232	40
3	14
4	0
517	22
14	124
5	26
11	9
9	15
3	0
18	15
15	11
6	27
4	56
6	0
6	113
5	14
3	0
5	100
13	203
109	137
3	177
5	0
3	0
7	13
18	201
7	19
130	635
5	10
4	34
32	95
7	6
85	515
87	224
25	37
5	22
5	3
3	16
18	5
22	46
20	167
13	104
7	47
11	13
8	40
10	0
47	264
5	0
5	32
6	3
5	13
11	19
4	0
92	3
4	11
3	0
3	0
6	0
3	0
24	32
23	195
16	73
17	95
13	68
23	112
9	0
22	98
7	0
11	41
23	24
18	28
25	74
37	74
6	3
26	36
4	7
3	0
8	0
4	0
3	5
14	0
24	35
4	28
33	4
13	0
6	0
6	0
47	96
3	0
5	25
9	0
3	48
23	16
3	4
5	12
9	0
55	121
4	9
10	0
21	413
5	0
52	253
46	627
12	3
49	185
15	91
50	951
45	23
5	0
14	0
8	3
6	35
4	5
7	25
7	27
6	0
3	0
13	0
6	60
34	44
17	11
8	12
34	280
54	861
7	34
25	26
145	301
53	189
3	4
20	52
6	25
4	8
19	5
27	90
29	421
11	13
5	0
5	56
9	52
4	11
6	0
29	28
5	42
3	27
25	19
14	26
6	35
5	24
8	5
12	5
3	0
26	14
13	19
41	31
16	5
127	1482
27	85
3	10
90	223
13	127
3	0
4	6
3	4
8	0
34	55
10	45
8	16
4	15
24	40
17	0
6	13
7	0
13	87
3	3
11	15
13	132
7	0
5	0
158	69
3	0
34	10
3	8
3	0
6	0
3	0
15	12
40	295
5	0
13	18
4	0
29	30
12	162
8	137
3	3
11	615
18	51
29	39
6	6
3	0
3	0
44	456
12	18
9	97
4	20
48	733
7	11
49	23
3	0
3	0
27	46
21	12
7	59
8	74
8	8
5	16
43	0
45	0
8	11
9	39
3	4
40	58
3	37
6	89
7	73
7	26
5	13
26	107
16	0
14	31
8	222
3	0
9	11
5	0
13	27
3	0
7	0
11	42
183	407
32	167
3	10
4	15
8	74
4	0
7	11
4	6
38	149
9	79
4	25
43	72
25	293
51	341
27	72
43	56
20	0
34	1096
4	0
6	28
10	0
8	7
23	191
7	7
4	59
9	0
5	0
38	11
3	10
30	212
7	21
9	91
6	0
5	48
7	22
3	9
3	0
4	0
62	30
31	11
3	0
3	11
5	0
80	251
5	167
9	9
10	6
7	28
26	62
8	0
64	11
5	10
10	50
256	401
10	78
77	45
57	764
3	0
3	8
9	0
5	0
6	0
3	5
8	36
12	0
7	20
16	0
3	0
24	60
8	9
4	0
3	17
13	124
31	195
3	0
30	36
32	22
5	0
8	30
8	0
12	18
5	4
14	23
5	51
12	35
4	0
5	18
5	13
23	96
8	0
5	0
4	0
3	32
5	0
82	272
8	0
6	0
3	43
4	0
36	0
3	0
11	219
9	0
3	34
4	0
144	260
3	0
9	0
3	11
16	39
3	0
7	37
18	12
3	75
3	0
54	158
6	9
3	6
16	29
21	34
4	0
27	1011
9	143
5	37
5	0
3	0
13	9
5	5
11	34
3	0
4	18
9	13
27	348
6	0
3	0
7	28
13	12
3	12
7	0
31	58
222	438
8	25
4	17
32	75
221	13
4	13
9	7
8	4
7	23
86	13
5	0
10	32
3	94
3	41
5	12
27	108
6	9
6	0
46	145
17	327
15	4
40	22
6	3
5	9
3	3
6	10
5	21
10	34
5	5
94	696
76	128
5	6
23	684
3	0
3	11
3	0
10	8
4	9
19	48
7	4
5	106
5	32
10	6
3	0
4	21
10	0
6	9
3	15
3	9
16	108
351	1166
14	0
3	3
15	20
6	44
7	15
29	72
4	0
3	0
44	213
3	0
5	0
16	73
7	0
6	0
3	0
5	0
5	0
128	524
14	19
20	61
47	13
5	13
5	0
3	0
3	19
10	53
8	0
4	0
16	47
4	0
12	45
40	52
6	43
23	8
3	0
16	94
112	254
4	4
3	0
11	16
3	0
5	15
7	9
58	1458
16	12
17	143
13	31
4	0
42	702
3	0
5	0
6	26
30	8
31	13
3	0
5	0
5	30
5	7
39	25
116	227
3	0
7	15
26	0
9	7
1154	3159
13	53
51	24
36	54
5	17
6	5
3	7
3	0
3	0
6	50
13	6
3	68
3	0
10	40
7	16
8	5
4	0
6	0
3	0
67	1242
4	18
9	16
5	8
9	7
13	7
4	0
53	563
3	0
14	277
7	27
10	0
4	0
3	11
5	21
13	0
5	80
6	5
4	0
8	44
3	0
3	0
3	22
60	135
18	0
5	37
13	0
10	38
26	0
12	26
5	37
11	17
9	12
161	708
6	7
5	9
17	25
7	6
45	266
8	3
7	0
11	47
3	0
23	18
7	0
3	7
6	0
3	0
6	9
170	297
158	413
4	0
3	3
34	18
3	8
9	3
5	18
18	16
51	58
6	12
8	33
3	0
19	355
7	0
21	0
21	27
11	136
28	137
21	14
21	332
13	33
4	0
166	157
13	15
130	86
3	0
51	112
9	41
12	12
3	0
25	93
3	6
12	3
78	322
6	41
8	8
7	59
4	32
6	13
7	0
14	11
133	1472
45	107
6	0
35	0
7	133
125	316
3	0
24	25
3	0
83	543
10	0
12	0
5	0
14	13
37	79
5	12
4	0
7	33
36	119
3	0
10	0
22	326
9	11
3	0
5	0
3	0
20	28
4	0
22	20
3	11
4	4
5	15
20	12
18	68
3	0
10	42
16	94
8	188
14	37
23	7
5	0
206	372
4	0
69	132
3	0
14	6
3	24
12	146
29	13
39	16
6	30
3	0
28	48
5	0
17	0
5	0
4	0
3	54
3	24
10	9
11	0
4	21
23	102
27	0
12	4
14	3
3	0
18	0
4	0
57	158
18	25
14	41
5	0
3	0
16	106
5	10
3	15
3	0
5	33
9	30
6	0
26	42
32	6
10	11
5	0
3	0
4	11
5	17
66	0
37	0
6	15
10	0
3	0
5	0
8	9
40	0
4	0
3	0
12	58
69	760
20	31
30	29
3	33
5	0
60	132
18	0
16	17
5	3
3	7
13	8
12	20
3	0
3	24
21	131
10	19
7	45
5	0
10	14
9	0
4	0
3	0
117	184
4	75
158	183
3	15
29	166
3	0
4	0
6	30
14	41
12	142
3	0
231	476
5	37
4	0
47	180
4	4
3	16
3	10
3	0
3	0
26	14
7	3
8	37
4	5
6	0
11	39
27	104
26	0
4	22
16	36
6	74
3	45
12	4
5	0
12	28
5	0
5	6
7	25
14	84
9	0
7	102
4	28
13	46
20	25
12	45
9	6
5	10
67	254
3	0
24	37
11	32
24	28
4	33
12	39
6	0
20	8
7	25
8	0
3	16
3	0
4	0
72	76
3	0
3	0
455	1020
29	41
105	455
25	44
17	167
20	66
19	19
9	0
33	335
112	548
4	6
8	0
5	7
8	25
19	70
188	152
121	221
36	230
16	74
14	18
44	86
12	7
239	413
3	0
23	10
17	9
12	42
4	0
133	629
241	487
10	8
17	0
96	487
6	3
41	58
8	5
300	793
126	147
37	272
18	33
47	31
247	527
105	164
6	8
25	0
68	0
57	638
3	0
18	56
5	7
51	782
18	42
18	31
27	50
668	2719
44	43
62	0
13	26
3	0
4	0
11	5
31	69
3	16
36	92
9	0
29	173
9	0
13	0
5	0
40	19
13	26
282	789
234	1066
3	3
76	654
5	0
220	687
14	38
61	247
6	5
8	17
9	21
20	59
64	178
36	0
212	546
53	36
5	0
40	53
97	569
121	796
78	222
5	0
3	5
6	0
24	22
23	68
29	0
49	147
14	12
3	0
127	366
102	82
58	423
262	343
3	0
4	12
112	219
7	0
100	110
52	761
40	792
6	0
81	212
179	303
16	0
3	0
80	1953
19	802
8	43
127	887
12	0
6	75
30	53
12	0
7	6
80	108
5	16
4	111
12	4
5	126
34	141
526	1130
71	429
8	6
20	29
247	372
5	14
29	7
83	87
17	224
7	0
16	15
52	235
15	0
30	49
26	9
826	2273
4	0
12	0
5	0
108	103
3	0
73	19
4	0
58	61
3	0
34	673
3	0
134	40
4	0
134	667
19	98
216	476
73	110
14	148
6	0
9	53
34	119
82	29
11	0
17	207
8	435
69	148
304	1494
17	21
23	21
52	820
207	394
22	3
10	0
19	43
25	8
9	0
8	0
330	1271
12	20
117	84
103	1629
15	58
25	31
79	54
6	35
158	625
3	0
29	730
20	176
26	422
558	1141
18	55
35	711
57	24
6	81
96	599
54	14
45	84
4	0
17	13
100	413
106	85
17	33
14	243
5	60
3	0
54	168
27	10
18	8
4	16
8	36
30	292
25	17
118	864
12	100
10	37
66	1567
10	42
14	43
121	236
17	66
15	16
15	174
22	80
222	1318
475	879
45	462
31	209
50	102
4	11
3	0
12	107
23	197
4	0
5	0
18	147
51	53
16	203
119	114
9	22
4	0
233	2884
27	21
44	309
43	487
3	22
4	0
201	611
3	4
44	85
3	26
114	271
7	10
55	74
19	16
62	79
8	0
204	334
16	14
201	579
10	17
26	78
4	0
216	240
29	69
4	0
20	19
68	91
384	1008
168	530
4	0
40	182
3	0
129	64
125	172
15	66
5	60
27	87
28	51
56	429
20	27
29	21
6	0
74	354
120	72
25	19
10	0
14	5
310	1229
10	13
3	0
14	11
3	3
96	189
37	78
149	517
4	0
9	17
27	146
12	26
6	8
6	3
29	0
11	32
3	0
21	139
19	0
47	458
5	0
4	0
46	617
29	150
6	37
6	38
23	10
4	9
148	536
13	12
10	12
24	246
11	28
105	581
104	592
3	0
74	507
7	45
9	4
4	33
182	491
4	10
311	10
25	101
23	144
3	0
211	1000
11	4
16	13
8	198
9	33
56	292
78	513
6	0
390	1761
24	265
6	0
13	14
11	14
3	0
4	0
253	863
144	219
69	688
297	299
107	216
3	0
39	146
3	0
4	0
3	0
6	0
6	0
129	364
39	35
11	275
16	0
61	671
51	987
54	88
17	10
26	7
52	209
27	77
74	171
6	0
6	34
8	22
3	50
7	13
4	0
164	432
60	154
37	77
41	152
49	90
98	102
7	56
40	263
5	0
31	313
152	10
6	47
4	0
6	8
40	500
5	32
13	27
6	11
42	186
139	666
22	124
3	0
71	78
3	0
55	10
71	348
102	4
94	1229
3	7
4	31
22	804
40	207
16	77
27	20
11	47
10	0
81	499
7	0
4	0
33	21
3	5
26	27
8	5
12	248
7	259
7	15
101	216
6	27
17	32
3	14
11	0
47	299
5	0
68	626
3	0
4	75
27	90
57	292
16	53
7	0
11	105
11	266
7	25
3	0
15	41
30	120
97	843
9	10
108	175
9	0
13	11
61	361
76	129
17	98
15	6
152	797
31	49
71	328
25	34
4	0
17	14
7	0
4	0
88	196
3	8
17	103
46	492
13	4
6	16
4	0
3	0
18	14
66	319
310	339
28	38
248	501
64	88
3	0
56	230
7	0
32	11
11	0
83	652
32	46
4	33
43	349
100	396
36	146
22	40
47	129
13	26
7	0
11	3
7	28
3	0
3	0
7	4
3	0
61	57
13	90
217	488
35	56
29	0
6	39
5	0
7	0
51	297
352	910
5	0
79	230
5	0
33	60
52	20
68	832
293	366
14	3
3	0
14	39
47	48
7	0
11	43
7	20
3	0
190	998
44	28
14	5
26	72
18	30
33	46
6	12
123	313
90	247
12	17
9	0
388	1055
3	0
59	60
37	99
4	0
237	314
11	13
118	275
849	2718
17	41
45	60
3	0
115	336
3	0
53	861
3	4
32	31
13	0
138	0
25	17
4	0
619	2717
5	76
25	35
3	0
18	48
19	291
20	0
93	111
4	0
8	12
156	204
223	860
19	39
5	0
443	877
68	349
3	0
3	0
80	491
105	457
4	0
9	214
4	0
23	132
334	1223
38	85
86	37
107	138
21	33
26	62
30	151
6	0
32	140
3	0
5	0
39	63
5	4
85	447
3	3
61	0
72	221
14	69
18	184
104	466
17	63
7	34
12	7
77	173
10	37
12	21
46	104
23	0
3	0
20	0
61	171
22	17
7	27
168	275
3	0
6	3
4	0
10	12
6	0
31	150
4	0
10	79
13	249
7	26
19	114
7	0
240	681
19	36
37	154
30	0
17	11
4	3
46	467
16	39
25	0
64	304
8	13
14	0
16	17
5	10
5	9
5	0
37	127
3	0
3	0
3	0
91	324
72	505
6	58
17	0
53	29
3	0
6	59
35	13
102	163
9	35
18	14
9	9
24	42
3	0
135	202
89	111
25	525
58	144
7	14
341	1353
13	28
27	84
56	44
21	17
55	51
3	9
9	30
6	15
4	0
10	0
13	0
17	13
5	0
6	145
29	741
44	45
38	0
5	35
12	68
6	0
16	21
5	6
13	21
7	0
8	18
6	61
47	37
94	251
89	66
17	8
9	119
254	1107
30	62
22	45
9	59
43	149
112	6
4	0
45	89
684	2158
22	46
31	30
44	52
23	35
126	467
30	84
11	30
30	164
20	5
182	1180
91	193
48	126
4	0
9	4
7	8
37	23
3	0
17	0
3	0
26	0
34	900
3	0
10	219
33	50
55	65
14	92
3	0
149	1028
155	440
49	200
64	96
48	10
21	63
12	3
53	140
153	252
3	0
19	220
6	0
4	0
22	31
7	49
88	154
18	0
32	482
13	0
34	16
4	0
19	11
845	3561
33	13
3	3
3	43
7	0
6	4
58	350
15	80
9	0
8	12
110	752
406	2400
9	0
15	10
37	422
64	328
14	0
3	0
16	327
33	4
28	67
3	0
236	863
265	605
17	63
13	9
32	79
23	11
3	0
166	375
14	35
14	43
54	57
34	136
18	17
41	98
166	486
7	0
4	0
57	554
83	221
4	0
14	28
57	55
31	17
12	0
29	287
11	0
25	20
22	17
24	33
15	248
8	0
19	12
35	60
22	131
59	3
10	34
59	324
925	3325
301	17
21	68
9	28
60	159
3	0
3	0
39	85
28	0
3	12
14	47
13	49
8	27
55	37
4	15
15	30
3	0
33	35
13	9
72	210
10	31
6	3
71	153
153	225
9	13
21	39
16	39
139	400
33	67
120	358
9	14
4	15
4	0
8	13
351	2121
4	0
26	23
13	0
11	0
373	1600
7	3
8	124
22	58
946	3994
39	102
8	12
36	124
75	515
25	206
9	7
17	12
5	131
7	29
6	0
8	0
79	149
15	33
13	40
55	133
9	15
16	7
3	0
75	193
107	872
22	56
6	53
6	0
7	57
13	0
45	158
9	0
25	31
11	25
78	122
130	2025
5	0
6	269
62	55
6	13
10	0
13	40
3	0
24	29
49	61
165	263
5	76
44	126
29	10
5	6
30	68
8	28
11	24
3	0
4	28
9	18
11	160
26	162
208	1746
4	0
54	192
5	6
25	13
44	7
21	0
7	0
8	66
8	84
112	5
7	0
62	153
4	17
151	476
31	79
19	95
5	0
7	0
37	135
5	0
49	61
11	0
87	378
21	90
8	18
15	53
22	58
29	0
5	0
14	38
20	100
3	0
3	0
9	0
101	173
4	20
16	37
46	0
11	10
51	41
5	0
6	40
5	0
3	91
10	131
30	0
15	7
6	8
26	57
25	57
122	287
7	0
6	6
113	247
25	59
37	3
79	587
36	59
5	0
34	23
5	0
3	0
284	417
14	41
27	30
3	0
66	184
27	13
9	25
116	365
559	2920
26	5
6	0
247	81
31	101
6	53
93	317
27	147
6	0
7	0
83	288
7	0
35	132
15	64
20	220
3	7
7	0
17	168
15	12
23	130
36	123
94	140
101	159
14	17
296	643
3	0
80	215
41	863
27	159
5	10
66	289
4	4
27	173
3	0
6	0
3	0
348	0
4	27
41	41
8	69
181	377
4	25
46	0
24	379
49	442
7	0
168	2063
39	77
14	0
82	422
5	0
3	5
6	16
23	31
7	0
5	0
21	4
14	71
15	51
8	30
57	1914
145	383
123	366
13	12
8	0
35	64
10	37
58	68
12	150
9	205
887	4021
56	83
4	10
3	0
7	82
3	0
3	0
274	1180
3	0
6	0
5	0
216	566
58	279
9	0
33	28
4	0
6	0
13	0
9	51
333	1253
12	0
3	0
20	83
3	19
21	0
24	22
9	39
16	42
64	127
8	0
273	1321
127	405
5	0
8	0
18	16
7	0
9	4
13	0
3	11
10	0
7	0
12	23
3	5
156	385
3	0
136	1521
212	704
19	27
5	0
57	430
4	0
51	187
68	179
49	28
11	42
9	27
6	161
57	97
27	50
20	30
4	35
68	3
8	3
116	18
44	265
37	20
3	0
40	19
3	0
16	10
3	15
84	210
3	91
3	3
6	7
9	0
73	483
42	259
28	0
82	105
11	4
44	206
17	0
18	30
67	43
12	8
11	0
13	11
42	70
8	37
9	6
3	17
9	0
14	69
13	78
58	59
53	34
8	82
11	5
5	259
7	53
21	27
5	0
12	43
4	3
12	24
56	38
16	7
12	14
9	0
32	23
40	6
14	9
35	29
18	26
16	80
117	247
29	9
54	235
26	30
21	52
6	0
104	201
4	0
10	7
42	37
37	264
13	3
10	59
17	0
96	296
10	9
7	0
9	89
5	10
264	1579
486	2261
69	554
3	3
14	7
408	1560
7	8
4	0
3	0
13	25
58	158
34	40
49	24
7	0
4	0
12	0
3	20
49	59
5	30
4	0
68	530
3	6
229	1182
12	28
61	138
94	0
5	8
25	230
4	0
16	23
6	129
60	12
19	71
18	10
10	7
46	35
21	27
35	39
6	24
94	679
93	191
13	30
21	3
5	3
8	9
11	0
4	0
3	0
20	10
47	57
505	2695
6	0
8	0
29	12
42	107
3	14
15	21
305	1638
79	68
3	25
16	563
86	98
68	1004
21	38
9	27
30	46
6	12
67	191
1142	2249
6	15
11	8
10	14
129	429
43	167
7	27
183	626
5	124
138	466
6	0
18	167
9	50
5	0
5	0
29	52
3	0
5	8
6	14
5	0
8	70
23	94
3	3
19	28
72	239
3	0
3	39
5	9
5	6
39	221
6	0
9	0
5	0
18	59
4	36
12	30
6	0
4	7
49	369
4	57
15	8
14	23
8	0
3	0
10	4
6	6
9	46
3	0
3	36
66	0
10	238
14	96
8	143
3	0
3	0
3	0
6	0
12	15
16	30
15	0
27	33
10	68
5	0
78	819
6	0
7	19
3	10
11	13
20	68
36	63
7	0
49	241
24	0
23	309
7	3
5	17
17	16
17	8
7	0
55	281
3	0
7	5
6	5
102	195
17	4
6	0
10	0
8	0
27	82
50	176
12	0
9	40
6	0
3	0
3	0
4	0
5	25
32	540
10	84
3	15
8	0
9	11
16	94
4	0
49	63
9	0
8	73
4	0
6	11
5	0
3	0
20	52
8	29
4	0
7	0
13	9
4	0
3	170
8	0
23	10
41	21
51	96
9	8
5	11
8	0
6	22
3	0
4	0
98	70
3	19
3	3
14	71
3	100
4	4
7	14
3	0
6	94
3	47
4	16
7	22
13	78
3	0
21	0
4	33
17	29
8	0
21	0
10	151
17	242
8	65
6	0
13	11
24	37
4	4
4	23
3	0
5	17
40	982
4	0
5	0
5	4
40	249
5	12
4	0
24	3
25	25
7	10
10	41
6	12
60	0
6	16
12	23
3	3
7	80
4	4
10	54
3	13
7	9
10	0
18	261
6	34
4	9
9	9
3	0
3	0
9	0
5	5
226	84
4	0
3	50
17	114
3	14
303	877
29	520
4	0
9	10
9	47
8	22
10	0
15	9
6	0
7	9
3	0
7	9
15	15
24	12
3	12
22	42
17	46
26	108
31	131
3	0
3	14
5	6
16	7
5	16
4	0
25	0
3	0
31	16
7	12
9	45
4	4
4	31
4	0
129	8
4	0
3	0
27	118
4	0
5	0
3	7
7	5
9	8
13	23
34	56
11	9
3	0
6	7
6	12
5	0
30	38
3	46
55	461
31	180
4	10
12	0
5	52
3	4
11	9
7	38
23	117
8	0
6	17
18	8
7	0
5	19
12	0
5	64
6	54
3	18
4	5
34	22
3	4
3	82
10	0
7	0
6	5
14	34
7	0
7	0
3	4
26	172
3	0
4	39
4	0
8	30
7	8
15	0
15	9
13	5
10	4
12	57
16	16
3	4
6	40
6	3
5	12
3	0
20	13
12	16
6	5
3	0
8	0
44	99
8	0
4	7
4	0
13	11
3	0
3	0
25	45
14	29
23	92
4	18
22	99
3	60
8	53
6	0
10	19
13	21
12	69
4	0
5	364
3	6
11	13
17	13
26	10
3	0
3	0
7	0
14	11
3	0
13	151
4	5
4	0
23	14
14	15
3	13
4	5
9	8
3	0
53	1002
3	0
3	7
3	7
3	8
8	14
8	148
4	0
7	0
10	7
6	0
9	25
4	0
4	0
5	14
6	55
3	0
3	0
17	5
9	0
11	18
16	35
20	3
10	14
3	0
3	6
8	9
4	0
42	1762
7	10
5	0
6	26
6	9
4	0
4	26
3	8
6	0
5	5
48	154
18	17
5	0
24	28
4	24
5	4
4	12
4	0
3	10
3	0
5	0
4	4
3	0
4	7
6	0
7	0
10	18
33	42
4	4
4	14
12	29
11	15
7	0
7	0
7	30
34	39
4	0
5	0
8	12
3	20
4	0
4	0
5	18
12	5
3	43
6	50
3	24
11	18
3	0
3	0
11	0
3	17
3	18
3	0
4	4
16	6
9	0
106	315
10	71
32	11
3	0
3	108
6	14
13	96
5	0
6	49
8	0
7	0
4	59
5	8
19	20
33	46
11	14
5	0
6	0
6	3
5	5
15	116
9	32
38	5
6	10
19	7
52	42
21	4
3	0
3	63
5	0
25	16
4	4
10	11
12	0
10	0
5	0
8	491
6	13
14	4
3	0
8	17
3	0
5	202
5	58
7	3
6	0
37	4
4	3
9	19
8	0
10	25
10	43
4	17
21	181
4	6
3	0
3	0
4	0
48	190
12	16
12	69
8	0
9	6
8	17
17	16
4	0
13	29
15	37
5	16
21	28
3	19
4	11
7	5
3	4
3	0
3	8
8	39
4	0
10	12
7	0
3	0
5	13
3	0
5	0
25	44
6	0
6	0
7	51
15	53
4	0
3	0
4	0
4	0
3	0
8	27
3	0
5	5
93	202
7	27
15	11
4	0
36	5
110	419
4	0
4	0
12	5
7	15
9	7
3	19
5	5
3	0
5	4
3	0
3	0
4	48
17	68
9	43
3	26
5	0
18	0
3	0
3	73
4	0
16	193
92	195
20	3
30	0
4	0
5	8
3	3
6	34
8	55
3	7
9	0
32	0
3	0
3	0
5	53
17	55
34	105
10	0
32	78
8	55
38	31
40	10
22	24
12	11
6	6
17	36
3	0
8	0
13	122
11	34
30	65
6	23
3	14
13	21
4	5
3	0
31	304
9	7
5	0
30	55
3	15
4	19
4	9
4	0
4	17
6	92
67	29
4	9
14	0
16	11
12	67
33	250
3	0
21	63
17	8
4	0
12	11
9	11
3	0
7	44
4	0
9	9
8	8
14	58
5	4
4	0
6	0
65	0
7	0
5	0
6	3
6	0
14	11
8	106
8	0
3	0
3	8
10	42
3	4
499	1183
54	45
11	41
32	99
3	0
62	328
8	42
4	12
36	41
69	186
31	55
29	74
3	9
4	0
19	84
9	0
39	771
43	295
8	25
5	0
65	147
16	0
17	0
15	8
14	30
3	14
7	17
31	293
4	47
5	6
8	0
3	48
3	0
39	23
13	10
17	28
3	0
42	7
32	21
14	6
413	1180
16	79
7	0
13	84
9	0
54	259
200	761
4	0
53	113
399	1365
5	6
8	5
3	0
4	0
49	177
7	0
25	59
12	8
49	10
3	34
5	21
13	21
293	1103
112	112
50	70
26	40
38	97
32	104
22	19
118	335
3	3
3	7
612	1969
27	94
475	3314
7	0
34	0
8	88
5	0
29	74
6	38
138	474
37	136
8	28
17	87
65	185
3	0
86	2386
8	0
31	89
26	82
3	8
17	78
16	8
21	1025
14	39
22	36
3	0
139	193
14	0
44	20
6	0
31	22
47	191
4	0
4	9
19	0
84	118
22	37
4	0
468	1602
29	409
5	7
30	0
30	97
21	55
12	71
7	0
29	184
55	0
69	0
10	19
14	8
172	388
5	0
56	58
59	359
26	72
33	86
8	10
3	0
10	11
34	69
203	2344
27	166
118	156
36	39
3	0
4	11
31	0
11	0
38	0
15	48
24	101
28	47
45	282
60	383
11	29
12	94
9	60
543	2343
37	30
4	4
15	40
4	0
11	24
36	5
3	15
3	184
20	13
7	0
7	4
14	50
16	162
112	166
5	0
3	0
8	0
6	7
13	0
168	60
21	4
23	132
6	0
107	3
6	3
44	72
173	1047
22	0
71	355
211	378
25	12
19	0
27	21
9	9
3	0
4	9
4	0
11	4
443	1374
7	0
8	6
111	435
4	0
25	79
190	8
31	229
64	86
9	0
5	0
15	0
10	0
50	0
15	0
3	75
27	171
6	4
3	0
4	37
40	380
9	0
80	61
18	3
26	39
9	0
6	15
16	8
5	0
28	0
35	27
46	60
19	23
4	47
9	51
6	8
13	0
7	14
8	14
4	7
5	19
315	969
21	43
3	0
9	8
4	15
74	216
11	3
9	0
3	0
8	0
15	29
35	116
27	59
27	71
386	635
14	121
4	0
18	0
28	200
54	162
100	189
6	0
48	121
22	22
14	4
61	136
8	39
5	16
14	0
3	0
187	1366
32	38
3	0
8	15
3	0
6	0
4	0
43	171
33	25
3	0
53	212
13	0
4	0
49	413
88	135
8	0
3	4
55	142
63	1213
7	0
3	77
106	508
5	0
87	115
24	35
16	9
195	445
4	9
22	36
49	44
222	1623
10	0
6	0
6	5
5	82
18	30
11	0
8	21
24	34
33	53
8	6
6	0
5	51
449	2545
15	0
4	0
3	0
7	3
159	362
38	74
25	67
37	279
15	14
3	0
11	0
3	0
193	693
5	0
5	8
19	0
162	393
21	94
15	49
20	0
11	0
14	121
102	452
8	31
9	4
24	292
14	0
42	118
8	0
4	0
3	0
11	6
6	7
9	26
13	0
7	0
10	196
9	5
65	40
374	2041
3	9
159	910
144	7
53	271
3	0
157	593
6	0
37	0
3	0
4	0
29	28
3	6
53	0
12	14
3	0
6	0
109	411
8	8
89	122
47	38
6	16
6	4
161	982
3	0
33	102
87	3
15	41
3	0
15	13
10	61
7	0
28	444
25	208
50	153
253	832
22	52
4	0
116	361
10	3
21	75
60	429
131	0
3	9
4	0
16	18
444	977
22	40
12	78
20	16
10	19
6	8
5	6
12	83
5	0
90	108
27	78
416	2209
20	46
13	15
17	0
26	73
39	71
9	7
5	13
12	8
15	20
685	1520
6	0
4	0
47	0
71	521
4	0
92	145
12	34
5	6
17	14
10	28
4	0
5	57
3	0
86	322
29	8
6	0
4	0
29	1429
7	10
19	0
17	0
20	13
21	0
42	203
41	36
5	0
83	384
16	3
5	0
172	353
6	45
4	0
5	12
35	348
4	0
3	0
5	0
26	32
65	16
9	0
75	0
60	165
3	0
131	331
11	26
22	31
293	886
214	874
14	0
3	0
13	20
147	338
4	0
15	35
6	5
12	0
5	18
6	0
19	161
17	0
4	0
11	8
3	0
8	85
37	147
32	90
36	32
13	19
423	1033
39	10
88	179
60	89
89	229
12	11
9	8
12	47
5	0
5	0
3	0
4	0
3	0
5	29
6	0
22	36
6	0
7	6
8	0
19	238
3	0
25	22
8	12
13	78
53	1079
50	32
25	101
6	3
142	296
5	87
16	32
4	0
13	0
11	0
11	94
71	379
11	17
17	20
3	0
5	4
11	13
23	43
4	0
35	70
37	113
15	0
16	36
41	44
11	16
30	15
3	0
3	0
61	468
3	6
3	0
6	0
32	111
12	30
9	0
6	30
15	46
18	14
7	36
11	10
11	42
51	213
3	0
4	0
7	0
4	0
83	137
4	0
16	24
3	0
461	1950
8	0
5	63
311	1369
3	0
16	4
326	822
26	7
18	68
27	12
105	765
24	84
16	227
26	61
6	0
104	735
24	40
3	0
5	5
10	0
6	0
3	0
56	104
8	48
1137	3279
5	0
27	69
10	20
248	1490
5	0
16	8
17	114
5	12
16	0
16	79
4	0
267	814
10	0
140	349
75	65
183	391
20	68
8	11
4	0
5	0
15	14
4	39
345	796
8	0
11	22
231	354
3	0
8	12
7	5
20	34
36	266
7	221
4	7
3	0
6	0
9	0
3	0
6	33
9	19
3	3
14	98
452	1203
7	0
3	0
32	56
112	443
180	530
6	33
3	5
29	81
3	0
11	21
4	0
3	0
95	751
32	52
11	167
6	7
29	132
51	300
22	27
14	38
7	0
22	80
4	0
3	0
32	0
120	332
827	4457
6	0
13	5
23	14
17	28
4	0
45	5
4	0
73	177
309	948
3	30
136	615
23	20
28	26
3	0
10	0
33	0
20	318
13	72
34	46
18	9
7	0
7	0
3	0
10	3
20	165
6	3
5	40
3	0
71	135
4	39
3	0
5	0
7	5
4	0
22	0
48	292
585	2021
7	14
26	49
3	0
70	285
3	0
5	39
13	0
4	27
4	0
21	84
3	14
44	56
3	0
7	5
10	9
31	204
4	0
5	21
16	28
86	174
139	475
23	71
55	1943
27	0
4	24
21	70
48	172
163	1239
97	368
40	58
336	1326
3	7
5	0
29	78
14	38
5	0
10	48
3	0
4	4
9	0
14	0
8	0
5	4
3	0
4	0
266	1157
4	5
16	21
12	6
5	0
11	0
54	191
66	163
4	0
3	4
10	0
4	5
29	123
4	0
13	18
6	0
7	0
39	59
10	34
7	0
23	6
265	1024
3	27
32	6
22	176
71	125
58	486
10	0
17	61
6	0
91	147
11	0
4	0
25	37
11	0
11	10
5	33
14	0
8	0
7	110
4	0
54	384
5	51
12	11
73	81
16	22
5	0
3	0
8	0
365	3228
8	0
17	27
3	0
8	0
9	8
4	9
21	25
247	937
14	0
83	202
284	1135
3	0
4	9
5	0
37	102
27	22
20	120
5	0
6	0
29	128
9	35
130	404
27	78
207	817
12	0
3	0
3	0
24	54
4	27
4	8
4	0
16	117
12	0
5	5
7	6
7	11
7	6
15	0
5	41
748	1329
9	0
3	0
4	0
3	0
77	53
19	73
9	51
5	7
55	96
45	176
5	0
5	0
57	402
17	9
5	20
21	18
297	4
244	934
3	40
101	382
14	45
7	9
5	0
261	1845
7	15
22	29
14	29
20	12
71	23
6	0
78	274
3	5
54	282
19	0
19	0
45	0
6	0
10	0
4	14
3	0
12	20
28	76
9	32
8	0
4	0
9	11
12	0
3	0
4	0
4	29
6	76
14	112
3	0
13	8
67	267
5	25
411	3440
3	0
54	13
11	0
3	0
3	0
3	0
22	84
11	12
47	93
53	101
3	0
11	14
4	0
6	0
3	10
114	356
82	1461
30	0
6	12
9	11
12	0
18	17
93	608
5	0
5	0
16	58
6	0
8	10
4	0
15	58
15	19
3	0
9	0
6	0
169	597
81	119
7	9
4	23
8	0
38	0
23	0
17	8
33	309
17	0
7	45
43	162
5	0
8	8
155	619
33	95
7	0
110	469
115	425
5	0
82	213
8	37
7	22
8	0
3	0
9	0
43	107
6	42
3	0
11	3
7	0
3	0
6	71
4	0
7	0
6	0
5	0
4	0
89	47
32	43
11	8
51	192
9	6
6	0
78	209
3	0
77	460
5	8
9	136
7	24
11	14
22	0
17	6
4	6
9	4
50	110
4	0
14	26
4	26
90	4
24	13
9	11
5	28
5	0
8	7
11	0
130	304
20	0
3	0
20	5
12	0
11	21
7	3
51	0
3	0
3	37
75	21
26	227
148	572
22	13
30	42
6	15
4	0
6	0
386	2020
6	10
5	24
134	524
36	10
160	946
15	0
3	5
325	940
11	25
22	170
3	0
9	0
520	1938
276	760
91	145
11	0
10	0
35	31
27	75
11	71
16	40
84	146
5	6
17	146
5	4
60	80
13	11
4	0
7	23
135	736
107	404
19	22
18	0
6	7
28	53
9	0
3	6
104	257
12	24
9	0
5	0
18	20
12	5
11	0
13	0
7	0
8	0
11	0
22	5
30	38
79	124
8	0
4	0
157	261
33	29
12	22
9	20
51	79
5	0
7	0
9	35
19	0
4	0
8	0
18	21
7	0
43	321
29	49
30	17
36	40
4	6
4	0
5	0
75	134
5	0
3	0
14	17
21	40
6	0
29	32
474	2224
4	0
11	43
5	0
4	0
23	46
30	45
9	0
100	451
6	20
3	0
24	0
5	0
41	55
10	0
15	173
872	5948
3	0
11	3
9	0
11	3
8	4
8	22
4	0
7	23
7	8
5	0
3	0
10	23
4	0
4	0
110	796
4	0
8	622
8	25
22	5
51	192
65	79
16	74
5	5
16	8
10	0
5	0
9	6
94	110
3	0
56	189
5	0
22	129
5	0
12	11
8	0
6	134
64	206
53	67
143	242
33	42
4	3
248	798
305	1018
5	7
3	13
33	0
48	0
23	24
4	0
15	3
4	3
10	26
5	0
5	9
239	581
6	223
17	9
3	0
65	0
133	698
53	170
3	0
3	22
26	172
5	5
10	32
59	27
52	618
3	0
16	0
3	0
4	4
11	0
15	134
32	12
12	125
3	0
14	4
4	0
8	9
4	19
15	57
79	168
119	3
27	209
5	0
4	0
29	28
32	74
8	0
8	6
3	32
4	0
3	9
7	0
10	9
12	16
20	70
15	7
10	59
29	0
13	17
54	400
3	0
7	39
19	23
37	275
19	13
7	15
55	553
4	0
34	135
4	0
4	0
3	25
41	39
4	26
9	0
7	0
13	23
7	34
12	102
5	0
9	0
10	13
17	46
3	0
7	0
3	0
6	7
5	4
139	1832
391	1027
17	0
30	68
195	504
18	3
7	29
18	0
4	0
8	0
20	36
113	158
174	461
4	0
17	42
33	61
4	0
4	0
6	5
4	12
8	0
5	4
4	0
15	13
30	76
4	0
51	181
23	11
4	0
56	117
101	660
31	31
26	118
10	0
13	55
10	24
7	0
4	0
3	0
19	71
50	87
6	16
5	0
3	8
4	0
5	9
13	38
16	3
32	84
15	36
12	40
41	286
3	0
13	0
5	0
363	915
33	0
4	0
13	0
3	11
4	27
54	75
7	0
4	0
3	4
4	0
6	92
6	0
11	13
10	26
9	47
25	8
8	0
5	3
19	13
3	0
10	23
6	29
5	25
11	0
8	0
7	11
21	15
3	0
9	133
23	186
14	91
8	45
16	80
4	0
4	0
7	71
11	43
42	101
19	10
4	13
5	12
5	4
3	0
4	26
21	17
53	122
74	91
12	44
6	26
10	0
9	8
75	3
7	6
27	444
16	0
3	33
33	217
6	0
78	173
73	811
11	0
12	717
3	7
4	7
215	1084
8	0
19	25
15	6
3	0
42	50
4	3
4	0
17	26
3	0
4	0
47	944
3	0
37	97
159	575
4	0
14	81
6	0
3	0
8	0
62	20
3	8
6	8
60	20
196	377
285	1189
8	8
64	115
20	47
4	0
26	375
3	14
5	0
12	0
11	15
30	593
15	108
26	27
8	6
4	27
136	626
18	4
22	219
5	0
24	33
6	5
22	10
129	239
6	5
7	26
32	441
4	0
5	20
6	0
54	39
4	0
57	282
5	46
11	0
26	16
3	91
89	635
4	91
43	30
80	77
18	10
12	0
3	0
14	9
9	12
19	36
17	62
3	19
85	248
3	0
27	47
3	5
3	0
16	0
3	0
106	4
36	113
43	138
21	36
181	672
3	0
23	8
44	35
76	139
23	76
10	16
3	8
16	25
8	17
17	21
17	0
4	5
16	36
6	38
79	63
5	13
4	0
5	5
100	353
38	254
7	71
12	145
6	0
6	34
7	43
10	119
108	482
25	0
12	0
12	48
3	19
22	0
313	912
7	16
9	35
25	27
4	0
3	0
63	97
17	31
3	0
5	19
10	45
6	0
3	0
14	19
4	64
32	0
108	0
4	40
47	0
5	13
5	0
21	15
4	0
30	117
3	0
41	39
11	34
41	40
19	58
6	0
171	21
6	0
14	6
84	140
7	117
4	0
15	35
7	0
10	0
40	54
5	0
58	150
12	22
25	21
40	24
74	125
11	0
18	12
3	3
6	0
10	0
5	52
3	0
3	0
6	0
392	1370
15	42
23	581
142	360
6	0
10	32
16	7
9	14
13	12
5	0
4	0
21	22
5	8
22	26
4	0
29	6
4	0
4	0
12	336
6	20
3	0
25	17
7	85
3	0
13	0
4	0
15	0
16	485
250	10
223	810
4	0
5	41
44	32
5	0
4	0
110	338
23	35
11	0
3	0
3	0
19	15
61	272
11	0
3	20
18	26
49	403
5	35
3	0
17	14
5	0
48	115
14	14
4	10
5	0
19	42
192	660
18	0
11	10
4	0
178	751
6	0
68	142
30	104
4	4
15	5
20	11
28	21
11	33
3	0
189	188
3	0
14	93
5	0
8	0
25	24
82	115
7	30
4	62
3	0
13	35
6	32
3	0
22	58
5	5
5	0
11	11
127	560
15	0
6	14
21	36
26	28
3	14
3	0
12	20
123	531
7	0
65	151
4	21
4	0
286	872
3	0
5	15
19	4
9	31
8	0
25	25
3	0
9	0
4	0
3	61
3	0
43	68
6	129
7	18
21	46
20	49
12	0
5	65
7	7
46	41
4	11
3	0
4	0
3	0
8	0
8	0
4	48
18	10
9	0
3	0
3	0
9	23
4	0
4	0
5	13
3	0
7	8
11	22
9	10
32	82
20	11
3	0
139	323
181	662
3	0
18	20
21	0
16	16
13	0
3	0
20	69
3	0
4	6
16	0
20	27
11	0
7	0
19	68
7	5
21	45
506	1556
3	9
6	0
7	8
4	0
15	11
5	0
11	0
8	108
5	0
95	110
11	11
4	6
17	48
14	3
39	42
12	53
6	0
18	11
4	0
13	0
14	6
27	261
10	20
188	564
28	0
3	0
3	0
20	103
33	176
5	3
7	0
10	13
11	14
3	0
368	765
13	8
27	38
395	700
11	11
5	9
123	709
19	51
16	40
6	18
7	0
10	52
3	4
12	71
40	0
3	8
3	0
17	80
3	0
5	12
34	22
3	0
8	0
6	10
5	0
8	0
10	0
3	15
17	4
19	0
4	6
4	3
5	44
3	7
262	1187
4	0
44	69
14	13
8	29
53	534
5	46
3	0
750	4031
28	29
5	13
9	31
7	4
179	529
135	465
179	407
4	0
9	11
5	0
18	0
12	0
4	0
3	9
3	0
72	58
24	59
3	7
8	0
10	0
5	12
9	63
3	0
15	54
281	1111
14	4
32	586
8	26
15	47
19	83
9	13
128	18
3	0
3	0
6	0
11	0
28	14
3	6
7	3
80	685
101	6
3	0
7	68
4	0
3	5
7	36
3	0
6	7
6	0
16	11
9	5
3	0
11	0
29	45
7	7
8	0
61	351
3	0
9	13
25	0
7	0
12	69
3	0
15	0
7	0
9	0
322	1217
5	7
16	0
12	18
9	8
7	6
5	6
8	16
7	23
4	0
5	0
8	0
28	69
10	53
17	124
14	0
4	0
4	13
37	0
117	200
8	5
10	25
27	0
10	11
112	435
45	91
20	36
3	0
4	0
112	159
7	5
10	17
3	0
8	5
23	64
91	1937
12	4
5	0
44	67
38	653
147	247
5	0
3	50
27	28
15	94
10	11
8	13
112	4
3	0
5	14
6	0
283	970
260	1174
25	657
42	1136
8	0
13	4
5	0
13	12
7	33
425	1302
83	673
7	41
58	85
61	147
5	5
49	246
16	12
22	6
3	0
4	0
7	11
21	0
4	0
9	30
130	489
10	10
5	0
30	43
135	47
7	27
3	13
3	0
22	27
7	24
4	15
54	64
6	0
38	71
55	292
4	0
5	49
138	256
6	100
5	0
93	277
6	0
10	39
3	0
9	0
8	0
621	2544
79	242
84	163
119	199
17	26
16	7
43	112
4	0
10	10
16	15
15	14
6	0
9	0
4	10
18	34
3	0
7	8
5	0
5	0
7	0
65	391
3	0
4	12
8	0
12	18
533	1286
12	4
26	40
14	0
10	87
12	43
6	0
30	0
5	0
10	16
3	0
3	13
10	19
244	864
14	7
4	0
3	0
444	2466
13	17
39	31
31	55
3	0
7	5
3	0
9	0
5	0
20	60
6	3
38	247
7	0
24	72
5	0
6	0
13	36
7	0
22	37
19	5
10	22
4	0
3	0
8	3
102	594
3	5
12	0
5	22
12	0
40	31
106	84
16	6
3	0
53	146
4	24
57	160
4	53
12	0
3	0
5	3
18	23
14	0
106	501
6	12
273	426
3	0
40	75
4	0
12	93
19	103
35	7
23	124
3	0
26	0
12	0
3	3
3	0
9	0
7	5
8	0
4	75
6	0
42	133
15	4
48	104
3	0
16	0
9	3
44	4
64	0
33	1475
86	358
16	22
5	62
501	2159
5	0
4	0
6	0
11	118
3	28
70	0
3	0
13	22
3	5
5	0
5	0
6	0
37	45
46	42
62	163
11	22
3	0
12	0
24	178
11	9
7	27
7	0
9	25
8	0
116	642
7	68
8	0
8	17
30	177
4	0
120	0
20	83
9	22
5	34
121	4
8	3
6	10
9	10
3	0
17	6
47	96
4	0
21	29
3	0
4	0
17	61
3	7
3	21
6	38
5	40
11	71
4	52
101	302
35	119
6	27
15	69
51	130
16	43
75	200
231	693
21	6
14	32
28	791
17	0
29	49
8	15
43	58
70	260
17	38
7	70
27	18
13	7
3	0
70	1071
47	25
15	70
3	0
67	167
80	310
9	7
13	32
8	61
15	33
167	527
13	0
20	104
28	124
80	60
10	27
5	0
91	5
7	0
32	604
3	0
18	0
321	1038
22	149
20	5
3	5
4	47
4	5
12	7
11	0
6	7
4	0
40	14
7	0
8	0
98	316
64	385
4	0
4	0
8	41
26	160
107	254
6	11
7	51
4	4
14	0
43	39
19	103
10	16
7	0
7	0
32	4
36	54
5	3
9	0
8	0
6	32
7	18
11	92
3	0
7	0
8	44
9	0
6	0
18	78
4	31
3	244
4	12
4	9
10	0
24	41
26	0
616	1907
31	95
1180	3071
8	6
90	127
14	38
10	0
4	11
5	0
3	0
5	14
123	379
12	9
8	0
17	79
5	0
208	808
5	9
5	10
390	856
49	0
4	0
5	4
5	35
69	239
60	132
4	0
10	0
3	0
3	0
6	0
5	0
24	12
3	11
5	103
40	107
71	339
3	0
10	24
3	5
52	879
24	0
236	1497
4	0
17	0
34	22
13	23
3	0
4	0
5	0
9	316
7	23
11	28
11	0
7	40
5	11
3	0
4	103
152	713
3	10
4	14
9	0
19	13
11	9
5	0
3	6
14	31
18	0
13	48
13	23
5	0
9	3
3	0
106	562
40	129
21	25
7	0
163	972
7	10
4	0
4	0
5	0
380	1278
721	1656
5	8
4	17
215	620
3	15
13	10
10	22
3	0
3	11
16	16
296	941
7	0
23	57
5	57
4	0
9	5
4	47
4	4
16	5
4	0
4	11
4	0
8	4
263	696
18	0
7	0
3	0
35	171
24	58
39	78
91	369
7	0
189	495
6	0
4	3
4	0
8	0
6	0
7	14
17	26
11	36
5	0
24	7
11	6
18	5
15	246
3	0
14	0
5	0
7	0
16	17
5	0
7	5
17	114
14	0
27	8
16	160
4	0
8	64
3	0
4	0
39	223
16	10
25	19
255	551
11	7
14	4
32	150
4	51
18	72
3	0
15	72
17	4
3	0
7	6
3	0
15	6
3	5
263	1393
9	0
11	14
25	41
14	3
23	0
4	0
147	297
10	13
6	0
6	16
5	0
3	0
54	275
15	20
5	40
7	0
8	48
4	0
24	0
3	0
12	12
6	0
18	0
25	29
191	3
43	320
12	0
10	0
15	23
40	162
14	59
8	0
18	35
45	249
25	77
4	3
36	54
5	47
36	89
12	54
21	0
9	36
14	0
6	9
3	0
5	0
3	0
4	11
11	0
3	5
17	4
4	142
16	3
4	0
7	0
4	0
4	0
4	0
141	595
438	2069
47	77
43	87
152	339
57	309
3	0
3	4
5	0
4	0
10	25
4	0
4	0
3	24
3	6
3	0
43	128
4	29
21	95
382	760
9	29
4	0
6	9
3	0
11	0
5	0
7	11
55	29
3	0
236	588
5	16
8	23
3	5
4	6
23	0
8	9
3	0
13	4
6	0
669	1457
158	212
3	0
5	11
30	71
3	0
8	12
7	0
185	166
24	41
14	12
15	3
656	4579
35	56
19	0
5	0
3	0
3	0
9	23
10	0
27	8
10	0
17	21
4	0
4	9
5	0
8	40
8	0
11	141
39	12
5	10
6	7
12	26
4	0
5	0
5	0
5	0
8	12
11	94
42	50
5	3
3	0
10	0
5	4
5	0
4	0
3	0
3	0
8	7
41	0
34	196
16	9
3	0
19	3
4	0
70	751
5	0
11	4
6	8
3	0
44	6
817	2665
3	34
7	15
5	22
9	9
3	0
13	0
15	0
22	22
12	0
3	0
25	6
6	0
4	17
5	22
3	0
13	42
3	14
11	33
5	0
3	0
4	0
5	0
8	7
27	0
10	0
3	0
10	0
7	0
3	7
26	35
521	1148
8	0
46	73
69	133
4	23
21	24
9	6
4	5
29	19
201	597
5	3
6	36
5	0
148	362
3	13
13	9
8	13
20	22
16	16
4	0
5	0
93	99
213	326
15	11
3	0
3	0
10	40
139	527
9	0
34	50
5	0
10	0
8	237
12	29
5	0
246	1357
5	4
4	0
6	10
10	18
57	74
17	134
61	78
5	0
8	13
5	16
8	0
9	0
5	14
194	454
22	26
3	0
5	0
4	0
3	10
3	0
5	0
41	120
4	0
3	6
5	29
15	272
4	49
9	3
44	75
3	5
3	0
5	0
17	22
15	36
16	6
9	0
5	0
6	4
7	19
4	0
35	17
17	7
36	47
132	200
8	16
101	339
21	0
3	0
8	12
20	45
99	211
6	21
18	0
20	6
112	205
3	0
5	10
5	14
7	5
13	20
35	53
25	0
11	14
9	21
4	0
122	639
3	19
7	0
11	95
3	0
3	0
19	0
3	25
218	463
3	0
7	0
8	0
7	19
3	6
9	4
11	30
20	29
3	0
4	16
4	0
251	649
5	0
111	416
13	18
3	13
36	86
4	0
5	0
4	0
6	0
4	0
60	166
6	9
5	0
30	28
85	515
5	0
3	0
7	8
118	117
4	18
9	0
17	68
16	12
165	310
194	609
5	0
45	55
9	4
3	29
4	0
3	0
11	0
10	8
12	8
39	26
327	1206
4	41
10	0
19	19
3	0
4	0
16	51
4	11
115	111
8	0
4	0
5	0
19	0
4	4
12	0
56	0
4	7
224	698
45	0
13	85
6	0
48	112
6	0
6	0
10	0
14	0
96	257
19	42
5	0
44	255
139	2427
4	0
7	5
10	78
4	0
5	0
3	0
5	0
3	7
3	0
4	0
3	0
17	6
111	166
39	187
127	171
39	60
7	13
9	0
19	0
4	7
9	20
135	537
3	9
4	0
3	7
4	0
5	0
14	39
40	0
13	428
10	0
7	10
4	5
54	62
11	38
8	12
14	19
29	0
8	19
3	10
6	8
11	32
6	0
4	5
12	87
11	0
4	7
5	0
7	11
7	76
36	6
9	0
62	0
36	0
3	0
7	0
138	390
6	0
4	0
13	23
15	0
4	8
3	29
177	549
11	39
328	801
447	1431
3	7
4	0
20	26
6	0
5	9
13	128
10	4
6	0
3	0
3	0
4	0
40	74
5	0
8	0
9	9
13	59
14	57
88	191
16	46
6	0
4	0
55	551
17	40
23	144
5	0
10	0
56	158
28	72
6	0
30	0
7	76
3	4
352	1798
7	0
15	0
4	124
5	15
116	243
4	0
7	0
4	10
3	0
109	320
8	4
69	556
4	0
9	0
18	0
5	0
10	7
222	587
25	6
4	33
612	1678
26	60
45	217
35	66
9	0
3	0
3	5
3	5
4	4
12	0
3	0
28	44
9	9
22	84
3	0
4	0
66	250
15	6
28	126
15	3
4	0
3	0
9	0
3	0
4	4
55	426
25	24
79	212
4	7
13	29
3	5
173	379
15	34
13	44
261	959
10	9
31	37
4	0
29	28
33	0
4	15
15	0
37	36
3	10
12	4
5	7
10	46
41	64
5	0
9	10
9	0
16	0
3	0
9	7
3	0
17	0
4	5
20	18
7	20
7	0
3	0
44	108
5	0
19	18
10	0
82	100
24	26
7	13
3	0
24	9
13	19
10	0
3	0
4	0
13	18
3	0
4	11
3	0
3	0
5	0
10	7
5	0
6	22
17	6
161	398
6	3
3	8
20	110
3	4
4	30
54	185
3	0
3	0
8	0
11	7
4	0
24	50
4	0
3	0
12	0
4	18
5	7
290	1461
86	184
11	146
10	0
4	0
6	18
6	11
32	124
21	49
3	15
29	108
3	8
221	982
46	51
6	0
46	35
3	5
6	0
7	35
8	7
3	6
3	14
25	21
9	4
3	0
13	48
23	22
5	22
10	10
17	5
11	17
3	12
7	3
13	0
11	0
11	8
23	53
9	5
29	13
6	0
3	4
16	33
11	0
67	65
14	11
6	0
4	0
6	6
4	4
10	13
8	5
16	19
3	0
13	8
3	0
49	0
198	77
74	125
4	0
15	15
37	141
9	21
5	0
28	17
3	0
6	20
4	4
9	7
3	3
7	51
7	0
5	0
56	139
28	8
33	10
5	0
33	128
5	0
10	12
62	0
19	5
20	42
97	158
305	1326
9	8
24	83
13	0
3	0
29	45
3	6
7	5
284	910
3	0
198	688
4	10
7	0
5	5
71	30
7	0
5	49
26	21
4	0
50	220
9	10
63	116
471	1234
14	9
10	7
9	6
3	0
10	9
55	88
37	234
4	50
12	19
3	0
68	17
33	0
3	7
3	0
6	0
17	3
27	8
6	0
3	4
7	0
5	0
33	0
10	8
4	0
6	16
7	10
271	905
10	3
4	19
152	432
3	0
3	0
4	3
5	17
656	2445
7	0
33	45
6	0
47	354
6	10
9	11
4	0
4	0
4	0
16	14
5	0
7	3
7	0
5	11
11	0
3	0
5	17
9	0
7	12
5	6
17	6
14	4
61	94
5	0
35	588
8	15
5	3
4	0
4	8
49	130
35	10
16	7
11	6
73	82
5	0
5	3
4	20
157	463
4	9
6	0
3	0
61	32
11	13
9	0
6	0
3	6
4	24
6	4
11	20
7	6
5	0
4	0
5	28
6	0
9	0
8	0
3	0
12	9
3	38
3	17
3	0
94	196
3	3
3	0
8	0
3	0
4	0
9	0
5	0
173	290
3	6
592	1823
95	307
22	60
28	116
12	18
3	6
5	0
13	15
32	0
51	88
18	13
3	0
12	0
14	21
319	893
5	0
25	32
4	0
4	27
5	59
31	39
8	51
4	4
67	126
4	0
15	11
8	23
21	4
7	0
5	0
20	29
17	45
11	0
6	16
38	9
21	4
3	0
29	36
17	16
159	371
40	78
78	151
56	138
12	0
5	0
6	0
944	1349
8	14
3	12
8	10
5	5
44	6
315	776
9	90
8	0
11	0
7	21
12	0
9	9
3	3
6	0
8	6
6	5
13	26
4	0
6	0
173	293
23	16
3	0
12	0
3	25
4	5
63	98
14	12
134	181
7	33
7	0
59	181
14	11
18	8
11	9
14	21
6	11
6	0
12	13
10	5
7	0
4	0
46	152
11	0
459	1533
7	14
100	166
20	0
10	0
7	25
5	0
3	0
3	0
5	9
7	51
20	133
21	24
4	0
3	15
11	16
7	0
9	0
10	10
6	0
6	0
47	60
3	0
13	33
7	3
12	0
4	0
106	221
14	0
5	12
5	0
8	8
4	6
3	0
13	0
3	0
5	3
3	0
24	73
4	4
8	0
11	0
10	14
13	9
189	395
119	318
8	0
9	0
15	64
23	0
4	0
9	30
4	0
25	90
12	0
11	76
6	40
39	112
7	9
101	246
4	13
12	34
27	26
5	26
17	6
161	627
3	0
8	28
61	362
27	47
3	16
3	0
7	13
7	9
13	17
33	48
4	0
5	0
4	0
556	1152
30	30
3	0
5	0
113	282
3	0
14	0
14	0
7	0
11	0
4	0
3	0
18	58
18	28
11	23
12	0
45	112
16	47
17	66
12	0
7	6
3	0
12	21
18	240
19	0
9	5
12	14
3	0
3	0
24	63
6	0
121	329
3	0
6	0
34	93
177	440
290	411
9	18
3	0
30	40
11	7
3	0
60	187
19	0
14	8
3	71
4	16
8	0
36	72
6	4
23	0
150	0
12	0
50	19
8	0
12	0
7	0
10	14
27	106
20	0
5	12
88	248
226	427
8	0
10	0
332	1486
62	57
6	0
28	0
42	52
9	11
81	403
5	0
3	13
21	0
3	0
18	0
93	268
3	0
12	3
6	0
6	10
18	18
15	16
8	0
3	0
15	0
23	55
3	0
7	0
5	9
6	0
5	0
9	21
14	42
79	165
36	83
3	6
11	17
11	11
15	5
41	864
51	60
15	0
9	19
16	36
3	3
3	0
74	102
12	0
45	0
3	8
3	0
19	8
38	100
7	13
63	61
6	43
15	38
7	0
10	0
11	0
7	10
57	43
3	0
3	0
15	13
28	50
6	0
5	0
7	17
48	108
7	10
4	5
3	0
66	231
3	0
64	130
4	3
23	16
5	0
6	0
7	0
163	320
4	0
95	86
3	0
4	8
25	19
4	0
20	18
335	975
15	5
6	5
3	0
3	0
3	0
3	0
197	5
4	0
22	0
7	20
27	128
75	213
3	0
72	17
5	0
3	25
9	0
5	0
6	0
8	40
12	7
15	0
51	68
116	122
16	0
6	12
11	0
7	0
7	0
7	19
4	5
7	0
4	0
34	37
6	0
9	7
5	4
13	6
49	83
6	0
3	8
35	11
9	3
10	11
7	0
6	0
4	3
120	371
3	0
8	14
5	0
22	97
8	32
29	74
4	0
16	34
3	0
3	0
73	151
12	0
3	0
15	23
4	7
8	4
6	6
7	6
4	0
7	12
13	0
7	33
8	5
3	3
39	13
19	0
16	7
3	0
9	18
40	19
34	101
6	15
7	27
4	0
4	0
5	63
3	9
4	6
39	25
4	0
61	15
13	13
8	0
13	9
3	0
12	27
6	3
4	0
3	0
23	0
3	0
25	0
3	0
3	0
7	0
7	0
12	6
13	0
16	0
19	125
16	31
10	8
4	4
18	7
53	41
153	573
10	6
12	8
17	6
6	0
14	0
83	367
4	0
5	0
54	0
11	58
4	23
8	7
3	0
31	47
70	123
6	6
8	8
68	33
3	0
5	28
13	7
19	57
24	41
28	28
5	0
3	0
12	10
5	18
10	38
7	0
3	0
3	0
135	20
22	18
38	92
3	0
3	0
6	3
6	0
4	7
18	34
12	25
4	0
68	91
24	0
17	49
6	3
3	0
8	9
21	53
4	0
5	0
3	0
7	19
3	0
3	0
9	12
8	0
88	228
3	28
20	39
3	0
35	64
3	0
14	12
4	0
75	274
4	0
3	3
20	65
6	0
4	11
4	13
11	0
5	0
72	200
40	90
7	32
45	34
7	0
23	466
19	18
6	14
10	0
3	0
4	0
15	12
5	0
5	0
7	0
3	0
111	79
5	0
3	0
4	0
9	0
4	0
3	0
7	3
5	0
7	0
60	133
11	7
3	0
3	9
18	28
20	7
9	7
3	0
9	3
20	17
4	3
39	14
6	0
54	120
8	0
10	0
22	23
14	9
33	100
8	36
23	17
5	0
5	0
7	0
19	21
8	4
5	0
6	0
7	0
77	144
10	13
12	0
5	7
4	0
12	3
21	0
104	297
3	0
6	27
20	36
5	0
19	0
55	3
5	0
4	0
12	0
5	10
10	23
3	0
6	0
36	87
5	12
31	37
3	0
13	8
30	0
12	4
11	0
4	8
18	309
15	53
4	0
10	13
17	33
3	0
3	0
5	11
6	0
4	0
4	4
15	5
4	0
3	0
6	0
3	40
74	201
4	3
3	0
11	6
7	10
26	41
3	0
7	173
8	0
316	528
13	0
6	0
3	4
57	54
88	146
50	0
6	0
7	5
238	323
4	0
17	0
18	22
7	6
50	313
17	0
119	250
4	26
99	71
3	4
6	0
6	21
3	0
4	0
31	169
3	0
3	22
6	3
3	0
138	255
7	0
146	219
10	7
5	9
3	0
68	16
23	13
9	22
11	3
20	8
37	75
5	0
3	0
38	47
3	0
5	9
3	0
6	0
5	0
3	12
9	3
12	23
3	0
8	0
4	4
11	3
18	52
29	37
5	0
115	148
63	160
3	0
4	6
34	77
9	0
7	0
13	12
7	0
7	0
3	4
7	3
59	170
136	670
137	711
14	84
10	0
7	0
4	0
3	0
12	0
77	39
7	26
5	0
4	0
3	0
6	0
7	7
3	0
3	10
102	190
49	166
3	0
8	6
4	6
6	3
4	0
65	48
8	0
3	9
3	0
15	0
4	13
41	0
3	0
5	0
4	0
569	1457
18	22
6	0
5	0
55	146
3	0
6	19
22	12
4	0
20	23
4	0
21	73
9	0
4	0
7	7
22	0
5	10
4	0
4	0
13	8
219	214
5	0
9	3
8	0
89	118
19	157
110	76
3	6
81	97
14	18
7	0
72	411
6	9
3	13
63	275
12	6
3	0
13	64
5	0
6	0
4	15
5	0
54	58
5	13
32	25
3	0
66	116
38	27
3	0
16	39
3	0
4	0
4	0
17	96
4	3
32	75
82	126
6	0
6	77
3	0
264	1096
5	0
343	730
10	6
63	100
15	4
52	74
12	0
14	13
3	0
3	0
38	28
19	125
7	0
4	0
5	6
3	32
3	13
33	51
7	3
13	57
4	4
16	15
205	514
37	61
3	0
5	5
9	0
9	0
91	71
3	0
12	8
39	27
12	5
3	0
3	0
69	0
4	0
6	0
43	114
6	7
3	0
5	34
6	18
3	0
4	0
12	0
11	77
6	0
3	6
8	0
7	0
10	11
4	0
6	0
10	5
8	0
13	14
7	0
22	13
8	0
8	26
65	116
6	0
3	7
4	0
4	7
8	9
37	60
3	21
5	13
6	0
3	0
34	127
10	30
8	0
6	0
3	0
76	239
17	18
15	0
144	286
12	10
16	14
3	8
19	25
13	35
29	33
8	0
3	0
3	0
3	5
14	15
3	4
6	16
35	9
3	0
6	0
5	29
117	100
4	0
3	0
4	26
10	0
10	0
6	21
7	0
4	0
68	267
6	15
3	0
3	0
14	34
7	0
4	0
13	10
79	192
6	11
4	0
3	0
36	30
3	0
182	862
5	8
77	161
84	147
3	3
9	62
5	0
22	29
8	0
10	0
16	6
69	162
32	78
21	37
3	0
3	0
3	0
3	0
3	0
140	190
4	0
14	7
7	0
3	0
5	11
8	0
4	9
13	17
3	19
7	0
4	0
9	3
33	46
8	0
6	0
4	0
85	80
3	0
22	34
4	0
70	98
3	0
5	0
3	0
5	9
9	3
13	15
3	0
7	0
6	3
3	0
10	0
56	435
4	0
63	57
12	0
5	0
152	134
34	30
6	0
13	12
4	0
19	16
8	24
3	8
3	9
10	9
7	3
13	26
6	10
4	0
9	11
3	0
3	0
22	43
16	63
18	3
4	0
3	0
3	0
8	16
4	0
5	0
4	3
11	9
91	378
123	153
18	49
3	0
3	0
28	43
15	0
8	19
4	3
8	0
10	0
91	107
3	3
4	0
143	233
52	28
8	0
46	50
24	20
3	26
4	0
7	3
83	140
22	31
12	96
5	0
3	0
12	25
5	0
3	0
3	0
3	0
4	0
3	6
7	0
10	0
26	33
81	181
4	7
3	0
52	161
7	0
4	0
5	52
12	116
5	12
5	0
7	0
29	21
12	0
5	0
3	0
13	0
151	437
4	3
3	0
3	0
38	33
3	0
3	0
5	0
5	0
5	0
37	370
4	0
20	8
3	10
8	3
12	5
24	34
133	325
8	0
3	0
9	0
6	5
27	28
9	14
102	111
52	11
3	0
9	6
8	12
37	9
8	45
3	0
5	6
267	898
10	13
8	0
14	3
40	67
4	11
13	13
7	4
76	0
4	0
91	144
158	328
5	3
79	120
19	107
20	6
3	0
9	3
19	114
40	30
5	0
3	0
6	0
3	12
142	173
4	0
54	134
91	100
3	0
4	18
12	22
190	352
10	0
63	0
22	0
4	0
5	0
26	13
19	135
5	0
11	116
3	23
6	0
9	0
5	4
6	0
7	3
5	5
3	7
30	48
14	0
23	15
90	136
58	269
3	11
4	0
6	11
4	0
3	0
12	0
3	0
52	84
11	17
5	0
76	114
128	331
6	14
5	0
4	0
3	0
3	0
22	116
11	0
4	6
11	27
8	24
178	879
15	44
35	122
65	93
6	0
7	7
168	277
6	4
53	99
3	0
18	30
9	0
3	0
4	0
3	0
6	0
6	0
46	80
6	0
7	0
3	0
15	0
14	3
8	0
24	13
9	0
17	0
6	0
63	0
11	0
4	0
6	5
82	171
4	0
4	8
4	6
5	19
35	363
95	14
33	0
16	0
9	24
19	45
7	0
3	5
3	6
7	4
5	22
5	0
7	0
8	0
4	0
8	8
12	0
5	0
3	0
22	10
7	0
3	159
76	36
5	0
21	0
4	4
25	58
56	23
89	226
15	6
10	4
24	13
3	0
6	12
3	0
10	0
13	0
15	6
14	27
5	0
4	6
56	1557
154	807
37	10
3	0
3	0
8	0
37	34
18	38
11	57
4	0
11	83
6	0
25	41
11	39
12	0
11	0
5	3
120	114
43	49
19	32
15	7
3	0
5	5
16	12
3	4
4	0
5	0
3	0
76	174
8	0
5	0
3	3
4	0
5	0
32	49
3	0
81	462
49	71
5	0
138	185
40	99
6	0
5	0
148	101
79	104
5	0
5	0
4	0
3	0
3	0
36	31
24	53
3	7
6	0
4	0
311	433
28	16
9	0
10	125
76	344
35	5
15	17
4	0
7	0
4	0
69	100
4	5
8	0
7	0
55	75
15	25
12	24
6	0
7	0
3	0
9	6
3	0
3	0
40	174
3	0
7	15
9	0
3	0
6	0
11	5
5	0
4	0
3	3
3	0
4	29
9	3
15	14
57	120
4	0
4	0
5	18
9	0
3	0
3	3
145	158
5	0
3	0
11	0
65	70
7	0
13	15
4	9
101	154
12	0
3	0
36	121
3	0
7	11
12	0
3	4
17	0
4	0
4	0
36	31
13	24
15	0
23	22
4	0
3	0
6	0
3	0
6	0
15	14
4	7
6	4
168	277
3	0
5	0
32	83
13	3
173	274
4	0
19	8
7	0
3	0
4	0
6	4
5	0
3	0
9	0
142	268
89	77
4	0
3	16
68	107
17	37
3	4
7	0
6	0
3	0
6	4
6	0
3	6
3	0
19	4
5	0
4	0
3	0
20	14
16	0
5	15
199	639
4	0
8	0
5	0
3	0
13	9
8	123
4	0
6	20
3	6
8	0
19	3
11	3
9	15
103	181
3	0
33	39
14	8
3	0
6	0
3	0
17	29
5	0
106	164
9	0
5	0
14	0
8	14
4	0
4	0
8	0
5	0
15	14
7	13
36	94
7	0
3	15
51	119
130	275
106	286
4	0
9	5
4	0
3	0
5	0
141	267
4	0
8	5
11	25
21	29
4	0
15	13
4	0
11	24
20	41
11	0
3	0
12	0
10	0
4	8
199	238
3	0
3	0
7	4
6	0
5	0
8	0
8	14
12	13
3	3
3	0
55	122
7	0
10	5
13	7
9	0
3	0
89	298
27	63
12	7
40	39
36	30
38	126
39	80
10	7
4	0
5	0
3	0
10	0
17	0
7	0
9	0
5	0
7	4
4	0
6	0
12	17
3	0
4	3
4	4
4	0
5	6
15	62
8	16
73	134
3	0
5	6
9	0
28	14
4	0
4	6
4	0
3	0
20	43
18	126
12	0
10	4
6	0
4	3
4	0
3	0
5	0
3	0
7	0
5	0
8	3
29	0
17	22
4	0
236	455
12	8
5	0
31	63
5	0
44	23
11	20
9	17
96	137
3	5
3	0
76	84
3	0
28	73
17	30
14	0
5	0
6	0
41	20
110	61
35	41
53	53
7	4
4	14
4	0
23	55
6	0
3	0
5	0
37	77
3	0
11	0
3	0
24	4
7	9
17	28
6	12
5	0
17	83
135	1087
30	0
28	18
293	420
10	12
7	0
3	0
13	17
6	0
3	0
8	12
4	0
3	0
6	10
7	0
47	22
5	0
8	5
20	17
3	0
6	6
23	14
48	73
13	6
4	0
63	180
32	0
5	0
4	0
3	0
4	0
27	24
4	0
4	0
3	0
3	4
33	82
8	0
4	0
8	0
10	46
5	3
4	16
21	8
3	0
3	0
76	199
14	13
4	0
22	0
62	63
4	8
6	0
3	5
17	11
6	0
10	22
11	19
9	8
31	45
4	0
8	14
33	34
29	18
69	73
36	59
27	33
7	0
4	0
3	12
22	19
3	0
3	0
3	4
5	0
10	0
3	0
14	17
3	0
24	55
45	118
24	44
62	100
37	26
4	0
4	0
34	31
56	56
15	22
6	284
3	6
24	41
6	8
44	54
23	0
13	0
18	63
3	7
3	45
10	30
27	5
4	0
3	0
21	13
107	238
3	0
27	54
43	106
37	74
47	48
5	11
11	0
5	6
22	21
55	57
133	326
42	118
3	0
3	0
9	10
5	17
16	6
3	0
7	3
6	0
6	0
4	0
10	0
4	0
5	19
6	0
11	3
7	20
7	0
4	3
3	0
7	0
13	0
40	30
3	0
77	72
5	23
85	63
8	6
13	0
7	0
3	0
31	11
4	0
10	3
5	0
5	27
5	0
3	0
3	0
3	0
4	0
12	4
59	64
5	22
6	0
26	8
6	0
4	0
13	4
3	0
29	43
35	0
67	45
5	0
10	0
3	15
3	0
120	240
11	9
5	0
21	23
3	7
7	6
6	0
112	205
28	36
4	0
28	41
10	9
16	3
6	0
6	17
3	0
8	0
3	0
5	0
8	0
4	0
4	5
8	0
9	20
5	0
10	22
42	45
19	5
3	4
25	21
4	0
8	0
3	0
161	286
3	3
89	100
5	0
4	7
4	0
5	0
4	4
5	0
9	0
4	0
15	0
3	0
6	0
3	0
3	0
6	0
22	5
3	0
55	58
4	0
30	27
10	0
10	0
13	4
3	0
3	10
16	5
81	40
5	0
4	0
4	0
16	7
3	0
41	65
4	0
48	61
15	86
6	0
29	0
3	0
26	62
10	11
16	14
3	0
10	16
3	0
23	17
3	0
17	16
9	0
56	136
3	6
23	18
6	16
27	0
350	598
8	10
33	104
78	47
6	0
3	0
31	56
40	35
4	0
6	0
5	0
3	4
3	0
4	6
21	16
6	0
58	92
8	10
6	24
12	5
3	0
15	7
7	0
26	28
20	27
5	4
6	5
5	0
6	4
21	14
17	16
4	0
15	32
7	0
7	4
10	10
14	25
4	0
6	0
16	23
18	13
5	5
21	328
168	406
4	10
7	28