4	5
2.50000000000000	14
4.50000000000000	3
3	40
4	17
3	8
4	25
1	4
3.50000000000000	30
4.50000000000000	22
2.50000000000000	31
3	4
2	3
3.50000000000000	44
4	3
3.50000000000000	14
4.50000000000000	47
4	6
4	40
4.50000000000000	242
5	3
3.50000000000000	19
4.50000000000000	63
4	4
4	80
4	57
3	22
3	42
4	22
3.50000000000000	222
3.50000000000000	114
2.50000000000000	29
3.50000000000000	76
4	9
2.50000000000000	3
3.50000000000000	5
4	48
2.50000000000000	12
2.50000000000000	6
3.50000000000000	234
3.50000000000000	14
2.50000000000000	4
5	23
4	14
3.50000000000000	15
3	30
3	6
4	8
3.50000000000000	147
3	53
3.50000000000000	13
4.50000000000000	7
4	7
2.50000000000000	3
4	7
4.50000000000000	16
4	10
1.50000000000000	91
4	17
4	34
3.50000000000000	27
3.50000000000000	15
3	12
4.50000000000000	3
3	6
4	23
3.50000000000000	14
4.50000000000000	32
5	4
2.50000000000000	23
3.50000000000000	652
3	3
4	10
4	17
4	321
4	4
3	35
2.50000000000000	42
3.50000000000000	5
4	139
3	12
3.50000000000000	49
3	21
2.50000000000000	24
3.50000000000000	106
4	8
4	44
2.50000000000000	6
4.50000000000000	267
3.50000000000000	3
3.50000000000000	31
3.50000000000000	4
3.50000000000000	27
1.50000000000000	30
4	38
4	39
4	87
3.50000000000000	25
3.50000000000000	7
3.50000000000000	7
3.50000000000000	73
4	6
3.50000000000000	7
3	7
4.50000000000000	36
3	25
3	14
3.50000000000000	45
3.50000000000000	8
1.50000000000000	10
2	13
3	60
4.50000000000000	24
4	94
2.50000000000000	3
2.50000000000000	8
4	15
4.50000000000000	8
3	26
3.50000000000000	27
2.50000000000000	6
3	5
3	8
4.50000000000000	12
4.50000000000000	32
2	4
3.50000000000000	6
3	125
4	8
3	9
2	3
3	6
4	24
4	10
4.50000000000000	11
3	60
5	4
3	19
3.50000000000000	3
1.50000000000000	11
2.50000000000000	3
1.50000000000000	4
2.50000000000000	10
4	17
3	4
2.50000000000000	4
2	5
3	22
4.50000000000000	11
4	28
3.50000000000000	16
3	3
2.50000000000000	11
4	3
3.50000000000000	6
3.50000000000000	3
3	73
3.50000000000000	8
4	4
1.50000000000000	3
4.50000000000000	11
4.50000000000000	5
3.50000000000000	4
4	44
3.50000000000000	8
3.50000000000000	186
1.50000000000000	7
2.50000000000000	8
3.50000000000000	10
3.50000000000000	7
3	10
2.50000000000000	5
3.50000000000000	3
1.50000000000000	8
2.50000000000000	5
2.50000000000000	19
3	14
4.50000000000000	16
4	71
4	27
5	5
4	4
3.50000000000000	174
3.50000000000000	95
5	6
5	4
3.50000000000000	13
3	6
4	21
4	9
5	4
4.50000000000000	15
3.50000000000000	4
4.50000000000000	18
4	7
2	21
4.50000000000000	3
4	3
4.50000000000000	19
3	9
4	4
2.50000000000000	3
4	6
4	16
5	4
4	9
4.50000000000000	90
4.50000000000000	23
5	7
4	5
4	3
3.50000000000000	23
3	5
4	7
5	8
4	270
4	41
4	11
3.50000000000000	31
3.50000000000000	7
4	14
4	49
4	12
3	97
3.50000000000000	158
3	6
5	5
4	14
4	6
3.50000000000000	7
4.50000000000000	45
3	15
4.50000000000000	37
4	33
2.50000000000000	6
2.50000000000000	14
3	21
3	4
3	3
3.50000000000000	84
3.50000000000000	15
4.50000000000000	45
3.50000000000000	12
5	3
3	5
3.50000000000000	38
2	4
2	8
4.50000000000000	135
4	374
4	6
3	3
4	50
4	6
4.50000000000000	17
3.50000000000000	4
3.50000000000000	6
4	5
5	4
5	6
3.50000000000000	3
5	3
5	4
3.50000000000000	9
2	8
4	4
2	6
3.50000000000000	30
3.50000000000000	5
3	22
4	32
2	3
5	4
4	5
4	6
3.50000000000000	11
4.50000000000000	20
2.50000000000000	17
3.50000000000000	1348
4	31
2	35
4.50000000000000	3
3	21
5	3
2.50000000000000	80
5	3
2.50000000000000	6
4	5
2	3
4	5
3.50000000000000	3
3.50000000000000	3
2	6
5	4
1.50000000000000	15
3.50000000000000	8
3.50000000000000	3
4	8
1.50000000000000	3
2	18
3.50000000000000	35
4.50000000000000	4
1.50000000000000	5
3.50000000000000	3
2.50000000000000	4
1.50000000000000	8
3.50000000000000	14
4	24
2	3
4	18
2.50000000000000	12
2.50000000000000	4
1.50000000000000	25
3.50000000000000	3
4	20
3	3
2.50000000000000	5
4	25
3	17
3.50000000000000	15
3.50000000000000	23
5	8
3.50000000000000	6
1	5
5	3
3.50000000000000	105
1	6
2.50000000000000	3
2	5
4	5
2.50000000000000	11
2.50000000000000	23
4	34
2.50000000000000	5
3.50000000000000	3
2.50000000000000	25
2.50000000000000	3
2.50000000000000	8
4	3
3	130
1	4
3	5
5	3
3.50000000000000	7
4	64
2.50000000000000	3
4.50000000000000	14
4	13
3.50000000000000	4
3.50000000000000	19
3	4
1.50000000000000	5
3.50000000000000	48
4	5
2	6
3	8
3	14
4	60
4.50000000000000	4
5	3
4	119
4	8
2.50000000000000	5
2.50000000000000	5
2	10
3	3
3.50000000000000	143
2.50000000000000	8
3	120
3.50000000000000	15
4	98
4	8
4	102
1	3
3.50000000000000	9
4.50000000000000	3
4	143
4	4
4	6
3	5
4.50000000000000	4
3	9
4	12
3	30
3	12
5	8
3.50000000000000	9
1.50000000000000	7
3.50000000000000	11
3.50000000000000	3
3	4
3	13
2	4
4	3
2.50000000000000	3
4	170
3	10
3	3
2.50000000000000	3
4	27
4.50000000000000	23
3.50000000000000	7
3.50000000000000	6
2.50000000000000	4
3	3
3	9
5	5
3	3
2	6
3	14
3.50000000000000	4
3.50000000000000	19
2.50000000000000	3
3	4
2.50000000000000	7
1	5
4	36
3	4
3.50000000000000	4
5	4
4	14
2	3
2.50000000000000	6
2.50000000000000	3
2.50000000000000	4
3.50000000000000	18
3.50000000000000	4
3.50000000000000	9
3	9
4	4
2.50000000000000	8
1.50000000000000	3
3	3
4.50000000000000	8
3.50000000000000	4
3.50000000000000	3
2.50000000000000	4
2.50000000000000	18
4.50000000000000	3
4	7
5	17
3.50000000000000	3
3.50000000000000	20
4	191
3.50000000000000	23
4	6
3	4
2	149
4.50000000000000	111
4	76
2.50000000000000	7
3.50000000000000	3
4	163
3.50000000000000	9
3.50000000000000	5
4.50000000000000	6
5	5
3	19
3	31
2.50000000000000	3
5	3
3	26
3.50000000000000	7
4	25
5	3
2	11
1.50000000000000	5
4.50000000000000	9
2	11
3.50000000000000	3
3	3
2	11
2.50000000000000	3
1.50000000000000	4
3.50000000000000	3
4	5
1.50000000000000	3
5	4
1	3
2	5
3.50000000000000	9
3.50000000000000	60
4	5
4.50000000000000	4
2.50000000000000	3
3	4
3.50000000000000	8
2	3
3.50000000000000	12
3	5
4.50000000000000	12
3.50000000000000	15
4.50000000000000	19
4.50000000000000	3
2.50000000000000	12
3	15
4	4
3	22
4.50000000000000	23
1.50000000000000	4
3	3
4.50000000000000	7
2	4
1.50000000000000	21
4	82
3.50000000000000	3
4.50000000000000	7
4.50000000000000	20
3	5
4	4
3.50000000000000	6
4	4
3.50000000000000	45
3.50000000000000	5
3.50000000000000	9
5	15
1.50000000000000	7
3	13
2	20
3	36
4	101
4	28
4	6
2	10
4	6
5	3
3	6
3.50000000000000	5
4	69
4.50000000000000	14
3	4
4	22
4	5
4	4
4	16
3	4
2	9
3	58
3.50000000000000	87
3.50000000000000	98
4	6
3	6
3.50000000000000	115
2	3
1	7
2	9
3	7
3	12
2.50000000000000	22
3.50000000000000	27
3.50000000000000	5
5	4
2.50000000000000	20
4	58
3	3
5	7
3.50000000000000	50
4	15
3.50000000000000	23
3	5
4	4
2.50000000000000	8
4.50000000000000	3
3	50
3.50000000000000	21
4	7
3	8
3	13
4	11
3	4
2.50000000000000	8
3	9
4.50000000000000	3
3.50000000000000	89
5	4
2.50000000000000	6
3.50000000000000	9
2.50000000000000	10
4	8
2	5
3.50000000000000	12
3.50000000000000	58
4	4
2	6
3.50000000000000	25
3	7
4	20
5	17
2	3
2.50000000000000	10
3	5
4	3
2.50000000000000	3
3.50000000000000	27
3.50000000000000	19
2	11
3	8
1.50000000000000	10
3.50000000000000	27
4	24
3.50000000000000	47
4	23
4	20
4	7
2.50000000000000	15
3	11
4.50000000000000	3
2.50000000000000	7
3.50000000000000	11
4	10
2	55
2	28
4	38
3	13
4	10
2.50000000000000	3
3.50000000000000	8
3	20
2	18
4	12
4.50000000000000	7
2.50000000000000	28
3	4
2.50000000000000	14
3.50000000000000	15
3.50000000000000	14
2	4
4.50000000000000	6
2	13
4	106
4	24
3	13
1.50000000000000	14
4.50000000000000	24
3	31
3	15
2.50000000000000	3
3	3
4	4
4	78
2.50000000000000	59
3.50000000000000	29
4.50000000000000	5
5	9
2.50000000000000	8
3	12
4	5
4	15
2.50000000000000	15
3	10
3.50000000000000	3
2	18
3.50000000000000	16
5	3
3.50000000000000	40
5	4
4.50000000000000	5
2.50000000000000	3
3	3
3	8
4	9
3.50000000000000	8
3	3
4	32
3.50000000000000	6
2.50000000000000	6
2.50000000000000	7
3	14
5	5
3.50000000000000	11
1.50000000000000	6
4	31
3	4
3.50000000000000	5
4	6
3.50000000000000	24
2.50000000000000	3
2	4
3.50000000000000	9
3.50000000000000	5
4.50000000000000	15
2.50000000000000	61
3	5
4	5
1	3
4.50000000000000	14
4	29
3.50000000000000	14
3.50000000000000	3
3.50000000000000	5
3	13
4	29
4.50000000000000	19
4	66
4.50000000000000	7
3.50000000000000	17
4	5
3.50000000000000	3
3.50000000000000	3
3	7
4.50000000000000	13
3.50000000000000	18
4.50000000000000	24
3.50000000000000	208
3	48
3	5
3.50000000000000	3
3	4
1.50000000000000	4
3	52
4	6
3	30
4	3
3.50000000000000	18
4	409
4	262
5	32
3	17
1	5
3.50000000000000	97
3	6
4	6
4.50000000000000	3
3	47
5	6
4.50000000000000	13
3	3
3.50000000000000	4
3	4
3.50000000000000	97
4	7
3.50000000000000	14
4	4
3	4
2	6
4	21
3	60
1	4
4.50000000000000	162
4	52
4	6
4	5
4	288
3.50000000000000	27
5	5
3.50000000000000	44
4.50000000000000	8
2.50000000000000	10
4	5
4.50000000000000	3
2.50000000000000	77
3.50000000000000	166
5	4
4	14
4	11
3.50000000000000	7
3.50000000000000	73
5	7
4.50000000000000	3
3.50000000000000	4
4	13
3.50000000000000	5
2.50000000000000	22
3.50000000000000	7
3.50000000000000	4
4	111
3.50000000000000	21
5	4
5	3
3	28
4	30
3.50000000000000	8
4	4
4.50000000000000	31
3.50000000000000	20
4	68
5	5
3.50000000000000	171
3.50000000000000	11
3	5
4	47
5	7
4	3
3.50000000000000	124
3	14
3	6
4	28
3.50000000000000	210
3	5
3.50000000000000	103
2.50000000000000	3
4	161
3.50000000000000	40
3.50000000000000	4
4.50000000000000	8
3	7
5	4
3.50000000000000	6
3.50000000000000	3
3.50000000000000	7
3	26
2.50000000000000	6
4	108
3.50000000000000	38
3.50000000000000	95
4	4
2.50000000000000	3
4	7
3.50000000000000	7
3	9
3	9
4	5
3.50000000000000	7
3	83
3	21
5	11
3	31
4	8
4	29
3	8
4	12
3.50000000000000	27
4	65
2	9
3.50000000000000	7
2.50000000000000	11
2.50000000000000	7
4.50000000000000	26
5	3
4	6
3.50000000000000	11
3.50000000000000	3
3.50000000000000	6
4.50000000000000	8
4	3
4	6
4	769
4	3
3	7
4	77
4	18
3	9
3.50000000000000	18
3.50000000000000	77
4.50000000000000	13
3.50000000000000	49
4.50000000000000	3
4.50000000000000	6
3.50000000000000	50
4	25
4.50000000000000	196
2.50000000000000	16
4.50000000000000	16
4.50000000000000	8
2.50000000000000	45
3	5
4.50000000000000	18
3	6
3	6
4	5
4.50000000000000	28
5	17
3.50000000000000	8
4.50000000000000	56
4	351
4	5
5	3
5	4
4	11
1.50000000000000	3
4.50000000000000	6
3	10
3.50000000000000	53
3.50000000000000	38
1	3
3.50000000000000	3
3	5
2.50000000000000	3
4	171
4.50000000000000	264
5	3
2.50000000000000	9
3	299
4.50000000000000	11
2.50000000000000	10
4	4
3.50000000000000	267
4.50000000000000	3
4	113
3.50000000000000	36
4	49
4	3
4	11
4.50000000000000	6
2.50000000000000	14
2.50000000000000	9
5	15
4.50000000000000	3
3	20
5	3
4.50000000000000	3
3	25
4	54
2	5
2.50000000000000	3
2	5
3.50000000000000	177
1.50000000000000	7
4.50000000000000	3
3.50000000000000	3
3	9
5	3
5	4
4.50000000000000	11
3.50000000000000	3
4.50000000000000	12
2	10
4	30
1.50000000000000	4
4	14
4.50000000000000	3
4	3
4.50000000000000	127
3	5
3	5
2.50000000000000	6
4	38
5	4
1.50000000000000	7
4	60
3	17
3.50000000000000	4
4	4
4	13
4	5
2.50000000000000	7
2	8
4	39
1	7
3	9
4	118
3.50000000000000	3
1.50000000000000	5
3.50000000000000	11
4	26
4	9
3.50000000000000	13
4	13
4.50000000000000	3
4.50000000000000	4
3.50000000000000	6
3.50000000000000	11
4	79
2	8
3.50000000000000	22
5	3
3.50000000000000	22
3.50000000000000	43
4	4
2.50000000000000	15
1.50000000000000	3
5	3
4	15
3.50000000000000	3
4	5
3.50000000000000	15
2	4
4.50000000000000	52
5	5
4.50000000000000	80
3.50000000000000	25
4	3
3	16
2.50000000000000	3
4.50000000000000	11
3	28
4	16
3	7
4.50000000000000	23
1.50000000000000	8
3.50000000000000	19
4	3
5	5
4.50000000000000	3
3.50000000000000	17
5	12
3.50000000000000	19
4	56
4.50000000000000	7
2.50000000000000	5
4.50000000000000	10
3	5
3.50000000000000	84
4	11
4.50000000000000	18
3	18
4	16
3.50000000000000	17
4	5
3.50000000000000	3
4.50000000000000	61
3	21
4.50000000000000	5
4	211
3	16
2.50000000000000	3
4.50000000000000	8
2.50000000000000	6
3	3
4.50000000000000	6
5	3
3.50000000000000	5
3.50000000000000	75
2	10
2.50000000000000	14
4	82
4	17
3.50000000000000	12
2.50000000000000	9
4.50000000000000	3
4	18
3	5
2.50000000000000	6
4	11
4	21
3	26
3.50000000000000	3
3	3
4	4
3.50000000000000	7
3	5
3	11
4	3
4	23
4.50000000000000	3
5	7
3.50000000000000	21
2.50000000000000	13
3.50000000000000	14
3.50000000000000	3
3.50000000000000	7
1.50000000000000	11
3.50000000000000	199
3	18
4	96
3	33
2	6
3.50000000000000	22
5	4
3.50000000000000	3
4	7
3.50000000000000	127
4	80
3.50000000000000	7
3.50000000000000	3
3.50000000000000	31
4.50000000000000	3
3.50000000000000	18
2.50000000000000	16
4	36
3.50000000000000	19
5	3
4	5
5	4
4	142
4	3
5	17
1	4
3.50000000000000	9
3.50000000000000	13
3.50000000000000	7
4.50000000000000	4
4.50000000000000	6
4	21
3	3
3.50000000000000	3
4	104
4.50000000000000	4
4.50000000000000	15
4	19
3.50000000000000	119
4	49
1	3
4.50000000000000	12
4	9
4	3
2.50000000000000	4
2	10
3.50000000000000	8
4	10
4	100
3.50000000000000	74
4	21
3	6
3.50000000000000	4
4.50000000000000	5
3.50000000000000	35
5	19
2.50000000000000	8
4	5
4	163
3.50000000000000	5
4.50000000000000	24
3.50000000000000	4
4.50000000000000	5
2.50000000000000	6
2	5
4.50000000000000	7
5	6
4.50000000000000	3
3.50000000000000	21
4	8
5	4
4.50000000000000	5
2.50000000000000	11
3	7
3	10
4.50000000000000	3
4.50000000000000	17
3.50000000000000	6
3.50000000000000	38
4	10
2.50000000000000	3
3.50000000000000	7
2.50000000000000	3
3.50000000000000	17
2.50000000000000	3
3	8
4	5
2	4
4	11
2.50000000000000	59
4	45
3.50000000000000	18
2	5
2.50000000000000	5
3.50000000000000	3
2.50000000000000	3
3.50000000000000	26
2.50000000000000	7
3.50000000000000	81
2.50000000000000	4
2	12
3	10
3.50000000000000	14
3.50000000000000	16
2	6
4	3
4	6
4.50000000000000	9
2.50000000000000	3
3	3
3.50000000000000	6
4.50000000000000	3
3	3
4	10
4.50000000000000	7
3.50000000000000	85
2.50000000000000	3
3.50000000000000	14
3.50000000000000	19
1.50000000000000	13
1	8
3.50000000000000	16
3	6
3	9
3	3
5	4
4	28
3.50000000000000	49
2.50000000000000	7
3	4
2.50000000000000	14
4	27
2	10
4	23
4.50000000000000	3
2.50000000000000	12
4	3
3	9
4	4
2.50000000000000	37
3	63
2	3
3	20
3	5
3	29
2	5
3	14
3.50000000000000	4
3	4
3.50000000000000	3
2.50000000000000	6
4	31
3.50000000000000	63
3.50000000000000	7
2.50000000000000	3
4	9
4	4
2	5
3.50000000000000	26
3.50000000000000	3
4	4
3.50000000000000	4
1	4
4.50000000000000	3
4	4
3.50000000000000	16
3.50000000000000	4
4	13
3.50000000000000	8
3.50000000000000	7
3.50000000000000	13
4.50000000000000	13
2.50000000000000	33
2	4
3	4
4	5
4	9
3.50000000000000	7
3	105
2.50000000000000	3
2	8
1	7
3	4
3.50000000000000	4
3	15
3.50000000000000	10
1.50000000000000	16
4	3
2	3
3.50000000000000	11
2	9
1	3
3	88
1.50000000000000	29
3	5
2	4
2.50000000000000	14
3	7
4	60
2	15
4	4
4	21
4	4
4	7
1.50000000000000	14
4	5
4	5
4.50000000000000	5
3.50000000000000	9
3.50000000000000	9
3.50000000000000	9
3	11
3.50000000000000	19
3	17
1.50000000000000	3
4	20
5	5
3.50000000000000	76
3.50000000000000	37
3	12
3	15
3.50000000000000	3
4.50000000000000	11
3	15
1.50000000000000	3
3	6
4.50000000000000	16
4	5
2	6
3	9
3	34
2	9
2.50000000000000	9
4.50000000000000	11
2.50000000000000	17
5	4
3	15
4.50000000000000	17
2.50000000000000	3
3	10
3	4
2	4
2.50000000000000	5
3	8
3	9
2.50000000000000	15
2.50000000000000	4
4	9
3.50000000000000	11
4	180
3	18
2	9
3	10
2	6
3	17
5	8
3.50000000000000	40
2.50000000000000	8
4	123
3	16
3.50000000000000	35
2.50000000000000	18
2	5
4.50000000000000	19
4	21
2.50000000000000	20
3	10
4	25
4	15
3.50000000000000	10
4.50000000000000	3
5	6
4	10
3.50000000000000	5
2.50000000000000	4
4	60
3	4
3	4
4	9
2.50000000000000	15
3	34
3.50000000000000	62
3.50000000000000	10
2.50000000000000	8
4	162
3	29
2.50000000000000	28
4	74
4.50000000000000	12
4.50000000000000	10
4	60
3.50000000000000	5
4.50000000000000	3
3.50000000000000	7
4	49
3.50000000000000	3
3.50000000000000	27
2.50000000000000	10
2	9
4	66
3.50000000000000	91
4.50000000000000	3
3	7
3.50000000000000	96
4	9
2	4
1.50000000000000	5
3.50000000000000	3
3.50000000000000	4
4	15
3.50000000000000	19
2.50000000000000	10
3.50000000000000	20
4.50000000000000	23
2.50000000000000	7
4.50000000000000	5
2	5
2.50000000000000	3
4	32
4	13
3.50000000000000	21
4.50000000000000	9
4	5
3.50000000000000	6
2	6
4.50000000000000	9
3.50000000000000	5
3.50000000000000	8
4.50000000000000	13
3	5
2.50000000000000	8
2.50000000000000	3
4	3
1.50000000000000	3
1	5
3	8
3	17
3	3
4	5
2.50000000000000	5
3.50000000000000	10
2	10
4	143
4	16
5	3
3.50000000000000	3
1.50000000000000	7
2	39
2	7
3	7
3	4
3	5
2.50000000000000	9
3.50000000000000	6
4.50000000000000	3
2.50000000000000	9
1.50000000000000	4
4	3
2.50000000000000	16
1.50000000000000	9
4	3
4	3
1	19
1.50000000000000	6
4	4
4.50000000000000	7
2	5
3	19
3	4
1	3
3	7
3	21
3.50000000000000	6
3.50000000000000	3
4.50000000000000	8
3.50000000000000	10
5	5
1.50000000000000	6
5	3
4.50000000000000	4
1.50000000000000	3
3	16
3	26
3	10
1	3
3.50000000000000	6
2.50000000000000	8
4	3
4	5
1	3
2.50000000000000	11
5	6
3.50000000000000	5
1.50000000000000	14
3.50000000000000	33
4	4
3.50000000000000	15
3.50000000000000	6
4	4
4.50000000000000	92
4	4
3.50000000000000	12
5	4
3	9
4.50000000000000	10
3	8
3.50000000000000	23
4	99
3.50000000000000	10
2	5
4.50000000000000	6
4	18
3.50000000000000	24
1.50000000000000	5
2	27
3.50000000000000	11
2.50000000000000	7
2.50000000000000	15
4	3
5	5
2	5
3.50000000000000	15
3	44
4	18
2	3
3	11
1.50000000000000	8
4	20
3	17
3	5
5	4
2.50000000000000	22
3.50000000000000	21
2.50000000000000	26
2.50000000000000	11
2.50000000000000	4
3	12
3.50000000000000	6
3.50000000000000	6
3.50000000000000	5
3	7
2.50000000000000	45
3	4
4	5
3.50000000000000	8
2.50000000000000	5
2	4
3	24
4.50000000000000	3
2.50000000000000	3
3	10
3.50000000000000	15
4.50000000000000	8
2	3
4.50000000000000	3
3	11
2.50000000000000	12
2.50000000000000	20
3.50000000000000	59
4	3
4	63
5	7
3	9
3	5
4	6
4	7
4	4
3	20
3.50000000000000	22
2.50000000000000	10
3	7
3.50000000000000	22
3	5
5	4
5	10
3	6
2.50000000000000	3
2	11
3.50000000000000	23
2.50000000000000	4
2.50000000000000	10
5	3
3	16
4	67
4.50000000000000	7
2	5
4	27
2	15
2.50000000000000	6
3	4
3	44
4.50000000000000	7
3.50000000000000	36
4.50000000000000	16
4	4
3.50000000000000	3
3	17
4	9
3.50000000000000	18
4	34
4.50000000000000	3
4	85
3.50000000000000	3
4.50000000000000	11
2	5
3	31
3	5
3	62
3	7
3.50000000000000	4
3.50000000000000	10
2	34
4	5
4	7
3	23
3	3
4	14
5	3
3	3
3.50000000000000	6
4	18
5	4
4	181
3	5
3	13
4	206
3	10
4	20
3.50000000000000	72
2	6
3.50000000000000	8
3	15
2.50000000000000	9
4	4
2.50000000000000	58
4	3
2.50000000000000	7
3.50000000000000	5
2.50000000000000	3
4	29
1.50000000000000	6
4	25
3	22
2.50000000000000	3
3	7
2	5
3.50000000000000	3
4	205
3	165
4	213
3.50000000000000	369
4.50000000000000	8
3	69
3	135
4	54
3.50000000000000	30
4.50000000000000	13
3.50000000000000	22
3.50000000000000	33
4	29
4	226
3.50000000000000	18
3	22
4	217
4.50000000000000	5
4.50000000000000	227
3.50000000000000	39
3	52
3	47
3.50000000000000	379
4	157
4	5
2.50000000000000	46
4	104
3.50000000000000	3
3.50000000000000	17
3.50000000000000	51
3.50000000000000	86
3	34
2.50000000000000	16
3.50000000000000	23
2.50000000000000	16
3	62
3	10
3.50000000000000	35
4	129
3	63
4	186
4	45
4.50000000000000	15
4	88
4	3
3.50000000000000	121
3.50000000000000	258
4	35
3.50000000000000	16
4.50000000000000	41
3	137
3.50000000000000	74
4	78
2.50000000000000	56
4	171
3.50000000000000	102
3.50000000000000	56
4.50000000000000	260
4	140
4	27
2.50000000000000	3
3.50000000000000	5
4	116
2.50000000000000	12
3.50000000000000	58
4	218
4.50000000000000	6
4	147
2.50000000000000	4
3	10
4	56
4	148
2.50000000000000	13
3	12
3.50000000000000	44
2	56
3.50000000000000	51
3.50000000000000	149
4	18
3	6
4	5
3.50000000000000	9
4	30
2	10
4.50000000000000	12
3	10
3	114
2.50000000000000	48
3.50000000000000	84
5	3
4	120
4	308
3.50000000000000	45
4	90
4	5
3.50000000000000	11
2	17
3.50000000000000	176
2.50000000000000	3
3.50000000000000	60
3	30
1	13
3.50000000000000	18
4.50000000000000	100
3	75
3.50000000000000	134
4	203
4.50000000000000	9
3	4
4.50000000000000	49
3	5
4	28
4.50000000000000	6
4	74
2.50000000000000	23
4	216
4	30
2.50000000000000	32
3.50000000000000	7
4	183
3.50000000000000	65
4.50000000000000	9
1.50000000000000	9
4	86
3.50000000000000	28
4	209
4.50000000000000	258
4	82
2.50000000000000	60
3.50000000000000	99
4.50000000000000	73
3	50
3.50000000000000	65
3.50000000000000	49
3	29
3.50000000000000	87
3.50000000000000	44
4	64
3.50000000000000	3
4	27
3.50000000000000	6
4	51
3.50000000000000	47
3.50000000000000	87
4	20
3.50000000000000	15
3.50000000000000	182
4.50000000000000	71
3.50000000000000	206
4	6
4	26
3.50000000000000	3
3.50000000000000	77
2.50000000000000	98
4	54
3.50000000000000	14
3	4
3	57
4	73
3.50000000000000	42
4	151
4	373
4.50000000000000	8
3.50000000000000	3
3.50000000000000	154
4	40
4	20
4	49
3.50000000000000	19
2	25
3.50000000000000	68
3.50000000000000	426
3	27
3.50000000000000	155
4.50000000000000	12
2.50000000000000	5
2.50000000000000	5
4	56
3.50000000000000	8
4	31
4	22
5	69
3.50000000000000	66
3.50000000000000	11
3.50000000000000	107
3.50000000000000	44
3.50000000000000	7
3	33
5	3
3.50000000000000	5
4	42
2.50000000000000	7
2.50000000000000	4
2.50000000000000	28
2	32
2.50000000000000	36
4.50000000000000	10
4	22
4.50000000000000	120
3.50000000000000	30
4	48
4.50000000000000	37
4	36
2	98
5	29
4	35
4	13
4.50000000000000	25
4	254
3	16
4	65
3.50000000000000	60
3	52
3.50000000000000	3
3	29
3.50000000000000	4
3.50000000000000	52
2	10
3.50000000000000	3
2	4
4	215
3	7
3.50000000000000	14
4	39
3.50000000000000	11
2.50000000000000	6
3	3
4.50000000000000	76
4	54
5	3
2.50000000000000	3
2.50000000000000	66
4	1121
3	6
4	82
3.50000000000000	29
3.50000000000000	3
4	6
4	78
4	89
2	57
3.50000000000000	67
4.50000000000000	72
4	311
4.50000000000000	103
3	42
3.50000000000000	24
3.50000000000000	9
4	8
3.50000000000000	7
4.50000000000000	14
2.50000000000000	4
4	5
3.50000000000000	10
4	32
4	128
5	17
4	258
3.50000000000000	11
4.50000000000000	34
3.50000000000000	22
4	201
3	75
2.50000000000000	3
4	7
3	3
4	9
3.50000000000000	148
4	100
2.50000000000000	5
3	8
4.50000000000000	3
4	6
3.50000000000000	14
3.50000000000000	121
3	3
3.50000000000000	55
3	3
2.50000000000000	174
3	30
4	7
3	53
5	16
4	15
4	9
3.50000000000000	10
3	34
3	16
3	68
3.50000000000000	18
2.50000000000000	34
4	120
3	18
3	17
3.50000000000000	4
4	10
3	3
4	12
2.50000000000000	7
4	10
3.50000000000000	12
3.50000000000000	44
3	18
2	13
3.50000000000000	20
4	4
2.50000000000000	16
3.50000000000000	3
4	9
2	9
4	5
4	20
4.50000000000000	20
3.50000000000000	63
4	49
4	4
3.50000000000000	144
4	17
4	8
3	7
4.50000000000000	23
3	3
4.50000000000000	23
3.50000000000000	18
3.50000000000000	25
4	7
4.50000000000000	31
2	37
4	49
3	3
3.50000000000000	58
3	47
3	13
3.50000000000000	15
4.50000000000000	14
4	134
3.50000000000000	16
4	11
4.50000000000000	4
4.50000000000000	28
3.50000000000000	10
3.50000000000000	82
3.50000000000000	8
3	3
4	6
4	87
2.50000000000000	3
4	285
3.50000000000000	3
3.50000000000000	5
4.50000000000000	6
3	29
4	71
3	26
3	45
3	12
4	3
4.50000000000000	42
3	102
3.50000000000000	70
2.50000000000000	3
3.50000000000000	58
4	62
3.50000000000000	4
4.50000000000000	71
3.50000000000000	14
4	18
4.50000000000000	6
4	94
3.50000000000000	6
2.50000000000000	18
3.50000000000000	3
5	4
3.50000000000000	8
3.50000000000000	19
4	176
3	15
3	35
4.50000000000000	44
1.50000000000000	168
3	3
3	19
4	14
3.50000000000000	38
4	5
3.50000000000000	4
3.50000000000000	147
4.50000000000000	5
3	20
4	7
4.50000000000000	27
3.50000000000000	22
3	143
2.50000000000000	4
3.50000000000000	12
3.50000000000000	132
2.50000000000000	94
4	52
4	7
3.50000000000000	6
4.50000000000000	21
3.50000000000000	76
3.50000000000000	82
4.50000000000000	11
4	12
4	5
3.50000000000000	122
3.50000000000000	101
3	3
3.50000000000000	16
3.50000000000000	50
3	3
3	78
3.50000000000000	12
1.50000000000000	5
4	3
4	21
4.50000000000000	5
4	25
3.50000000000000	27
3.50000000000000	85
3	57
3	7
3.50000000000000	3
4.50000000000000	4
3.50000000000000	57
4	11
4	27
3.50000000000000	9
3.50000000000000	3
3.50000000000000	6
4	34
4	32
3.50000000000000	28
4.50000000000000	7
3.50000000000000	110
3.50000000000000	3
3	9
4	41
3.50000000000000	80
3.50000000000000	68
4	4
3.50000000000000	5
4.50000000000000	4
3.50000000000000	3
2.50000000000000	5
5	5
4	5
2	22
4	69
3.50000000000000	63
3	80
5	5
4.50000000000000	30
4	162
3	17
3	27
3.50000000000000	85
4.50000000000000	71
3.50000000000000	7
3	11
4	7
2.50000000000000	20
3.50000000000000	21
3	79
3	80
3.50000000000000	8
4	4
4.50000000000000	104
4	53
4	23
4.50000000000000	6
4	36
4.50000000000000	15
3	7
3	3
3.50000000000000	7
2.50000000000000	18
3.50000000000000	24
4	8
3.50000000000000	18
3	4
4.50000000000000	33
2	22
4	79
3	28
4	8
4.50000000000000	136
4	120
4.50000000000000	10
3.50000000000000	8
1.50000000000000	12
4	6
4.50000000000000	3
3.50000000000000	20
3.50000000000000	9
3	8
3.50000000000000	103
3.50000000000000	41
5	10
4	14
4	310
5	41
3.50000000000000	67
3.50000000000000	78
2	9
3.50000000000000	5
2.50000000000000	47
5	4
3.50000000000000	45
3	59
4	35
5	12
3.50000000000000	178
2	17
3	14
4	88
4	75
4	15
3.50000000000000	18
3.50000000000000	23
2	41
3	16
4	8
3	59
4.50000000000000	74
4	14
3.50000000000000	19
3	4
2.50000000000000	85
4	21
4	29
4	61
3	20
3.50000000000000	91
3	24
2.50000000000000	20
3	6
4	31
4	12
4	39
4.50000000000000	3
4.50000000000000	9
3.50000000000000	7
3	44
4	24
4	5
3	14
4.50000000000000	9
3.50000000000000	32
3.50000000000000	12
3.50000000000000	8
1.50000000000000	3
3	83
3.50000000000000	14
3.50000000000000	41
3.50000000000000	45
2.50000000000000	30
3.50000000000000	5
2	10
4	4
3	8
4.50000000000000	33
4	7
3	47
4	47
3	31
3.50000000000000	10
4	12
4	330
2.50000000000000	16
5	5
3.50000000000000	5
3.50000000000000	90
4	15
5	10
3.50000000000000	4
3.50000000000000	7
3.50000000000000	5
3.50000000000000	30
4.50000000000000	17
3.50000000000000	8
4	33
2.50000000000000	5
3.50000000000000	208
3.50000000000000	3
3.50000000000000	47
5	15
4.50000000000000	17
3.50000000000000	8
5	14
3.50000000000000	17
4	145
4.50000000000000	18
5	11
3.50000000000000	4
3.50000000000000	23
3	15
2	19
4.50000000000000	38
2	5
3.50000000000000	16
3	10
3	42
3.50000000000000	22
3.50000000000000	8
3.50000000000000	5
3	133
4	50
4	4
4	44
3	24
4	94
3.50000000000000	4
2.50000000000000	8
3.50000000000000	7
3.50000000000000	42
3.50000000000000	3
4	7
4	5
3	5
4	3
5	12
4	3
4	9
3.50000000000000	4
4	19
4	12
3	43
4	11
4.50000000000000	22
3.50000000000000	35
3.50000000000000	19
3.50000000000000	10
4	60
3.50000000000000	44
4.50000000000000	3
3.50000000000000	13
3.50000000000000	10
2.50000000000000	16
2.50000000000000	6
4	19
3.50000000000000	4
3.50000000000000	15
4	5
4.50000000000000	21
2	8
3	44
3.50000000000000	9
2.50000000000000	23
3	21
3.50000000000000	4
3	4
3.50000000000000	33
3.50000000000000	3
3	5
3.50000000000000	50
4	10
3	43
3.50000000000000	25
2.50000000000000	24
3	64
2	3
3	4
3	39
3.50000000000000	16
4	9
4.50000000000000	15
3.50000000000000	5
3	83
4	69
3.50000000000000	47
2.50000000000000	9
3.50000000000000	63
4.50000000000000	9
3.50000000000000	60
2.50000000000000	8
3	39
4	60
2.50000000000000	30
4	7
3.50000000000000	19
3	103
4.50000000000000	12
4	22
3	17
3.50000000000000	160
4	291
5	7
2.50000000000000	32
4.50000000000000	57
3.50000000000000	235
3	54
2.50000000000000	9
5	6
3.50000000000000	175
3.50000000000000	53
4	79
3	10
4	10
3	36
1.50000000000000	8
3.50000000000000	19
3.50000000000000	3
2	7
3.50000000000000	41
3	104
3.50000000000000	16
3.50000000000000	186
4.50000000000000	5
5	6
3.50000000000000	40
3.50000000000000	402
3.50000000000000	56
2.50000000000000	9
3	24
3.50000000000000	254
4.50000000000000	12
1	3
3.50000000000000	3
5	12
4	14
4	8
4.50000000000000	22
3	3
3	14
2.50000000000000	4
4.50000000000000	239
3.50000000000000	180
4	269
4.50000000000000	415
4	11
3	42
4	72
4.50000000000000	43
3.50000000000000	15
4	77
4	3
4	654
3.50000000000000	99
3.50000000000000	10
3	144
3.50000000000000	58
3.50000000000000	59
3.50000000000000	8
4.50000000000000	4
3	225
4.50000000000000	21
4.50000000000000	3
3.50000000000000	43
4.50000000000000	7
3.50000000000000	94
2	37
3.50000000000000	18
4	101
3.50000000000000	89
4.50000000000000	12
3.50000000000000	52
2.50000000000000	3
3.50000000000000	3
4.50000000000000	50
4	84
4.50000000000000	4
2.50000000000000	46
3.50000000000000	90
4	17
4	15
5	11
3	20
3	5
3	6
3	9
3.50000000000000	3
4.50000000000000	4
4	110
3	6
3.50000000000000	44
3	44
2.50000000000000	16
4.50000000000000	196
3.50000000000000	12
4	14
3	157
3	76
2.50000000000000	21
3	39
4.50000000000000	16
4.50000000000000	4
4	73
2.50000000000000	19
3.50000000000000	63
4	92
4	23
4	30
3	5
4	13
3	19
4	20
3	16
2	5
4.50000000000000	12
3.50000000000000	22
2.50000000000000	4
4.50000000000000	4
4	8
5	6
4	12
4.50000000000000	15
3.50000000000000	30
4.50000000000000	10
3	67
1.50000000000000	3
3	5
4	3
4	8
3	29
4.50000000000000	16
4	40
4	24
3.50000000000000	64
3.50000000000000	14
3	271
4.50000000000000	14
4	95
2.50000000000000	7
4	232
2.50000000000000	7
4.50000000000000	3
3.50000000000000	46
4.50000000000000	33
4	10
4	16
4.50000000000000	161
2.50000000000000	12
4	7
3.50000000000000	19
4	180
4	31
4	407
3	139
3.50000000000000	30
4.50000000000000	14
4	22
2.50000000000000	26
4	307
3	9
3	6
4	60
3.50000000000000	59
2.50000000000000	6
4.50000000000000	6
3	64
4.50000000000000	3
4.50000000000000	100
2	3
3	5
2.50000000000000	3
4	27
1	22
3	7
4.50000000000000	35
3	29
4	38
3	14
3.50000000000000	293
4.50000000000000	29
3.50000000000000	8
2.50000000000000	3
3.50000000000000	135
5	22
3.50000000000000	3
5	37
4.50000000000000	14
3.50000000000000	4
4	4
2.50000000000000	27
3	5
4	141
4	31
4	75
3.50000000000000	13
3.50000000000000	40
2	15
4	13
4	103
3	4
3	6
4.50000000000000	23
3.50000000000000	11
4.50000000000000	4
3.50000000000000	63
4	14
4	68
4	5
2	3
2	6
4.50000000000000	16
3.50000000000000	3
4.50000000000000	5
3.50000000000000	19
4	12
3.50000000000000	58
3.50000000000000	10
3.50000000000000	48
4	68
4.50000000000000	26
3.50000000000000	23
2.50000000000000	13
3.50000000000000	3
3	4
1	3
4	9
3	13
2	19
1.50000000000000	10
4	7
1	4
2	10
2	3
2.50000000000000	3
2.50000000000000	3
4.50000000000000	8
2	4
2	4
5	5
2.50000000000000	3
4	8
3.50000000000000	10
4.50000000000000	5
4	11
2	4
4	5
1.50000000000000	4
3	3
4.50000000000000	15
2.50000000000000	27
5	9
4.50000000000000	3
5	4
4	68
4.50000000000000	7
5	9
1	5
2	7
1.50000000000000	3
3.50000000000000	21
3.50000000000000	5
3.50000000000000	50
2.50000000000000	8
4	91
4.50000000000000	5
1	3
3.50000000000000	3
2.50000000000000	7
4.50000000000000	4
2	6
2.50000000000000	4
4	10
2.50000000000000	3
4.50000000000000	23
2.50000000000000	8
2.50000000000000	3
4.50000000000000	3
3	15
3.50000000000000	7
2.50000000000000	9
5	6
4	21
3.50000000000000	5
4.50000000000000	4
4	18
2.50000000000000	3
5	23
3.50000000000000	5
3.50000000000000	7
3	5
3.50000000000000	3
5	3
3	11
4.50000000000000	3
3.50000000000000	42
3	3
4.50000000000000	7
2.50000000000000	8
3.50000000000000	3
3	40
3.50000000000000	18
3.50000000000000	3
3.50000000000000	4
3.50000000000000	9
3.50000000000000	6
4	7
1.50000000000000	8
3.50000000000000	18
4	9
2	7
2.50000000000000	3
4.50000000000000	4
4	5
3.50000000000000	7
5	5
4	5
3.50000000000000	4
3	3
3	7
5	3
3.50000000000000	6
5	9
2	5
4	15
3.50000000000000	3
3.50000000000000	7
3.50000000000000	28
4.50000000000000	28
4	5
2	4
4	5
3.50000000000000	3
4	37
5	4
5	4
4	4
2	7
4.50000000000000	20
4	5
2.50000000000000	3
1.50000000000000	3
3.50000000000000	6
4	5
5	19
5	3
4	21
2	13
4.50000000000000	24
4.50000000000000	7
3	17
3.50000000000000	3
3	5
3.50000000000000	5
4.50000000000000	7
3	12
4	7
3	7
4.50000000000000	34
3.50000000000000	4
3	13
4.50000000000000	14
3.50000000000000	14
3.50000000000000	3
1.50000000000000	9
3.50000000000000	3
4	3
2.50000000000000	17
4	19
5	4
2.50000000000000	3
4	9
5	9
3	5
4.50000000000000	10
5	5
2.50000000000000	7
3.50000000000000	7
4.50000000000000	6
4	3
4	55
2	7
4	19
5	32
4	5
4.50000000000000	12
4	7
4	12
3	32
2.50000000000000	10
2	3
2.50000000000000	10
2.50000000000000	3
3	17
2	40
2.50000000000000	8
3.50000000000000	24
3	3
5	8
3.50000000000000	5
4	5
3.50000000000000	3
3.50000000000000	18
1	3
1.50000000000000	26
2	4
4.50000000000000	4
5	3
4.50000000000000	7
4	75
3	12
4.50000000000000	3
3	3
1.50000000000000	6
5	8
1	3
5	7
2.50000000000000	9
3.50000000000000	4
1.50000000000000	10
3.50000000000000	4
4.50000000000000	3
3.50000000000000	16
2.50000000000000	5
3	16
5	3
2	6
3.50000000000000	8
3.50000000000000	5
5	6
4	6
4	7
2.50000000000000	3
1.50000000000000	7
3	3
3.50000000000000	3
1.50000000000000	4
3.50000000000000	15
4.50000000000000	27
3	21
4	7
3.50000000000000	4
5	6
3.50000000000000	6
3	6
3	40
1.50000000000000	3
1.50000000000000	10
2	3
2	12
2.50000000000000	6
2.50000000000000	4
2.50000000000000	3
4.50000000000000	3
3	8
1	11
3.50000000000000	10
5	3
4	3
4.50000000000000	4
3.50000000000000	5
3.50000000000000	8
5	3
3.50000000000000	32
4	4
3.50000000000000	6
2.50000000000000	34
3.50000000000000	3
3.50000000000000	3
2.50000000000000	3
2.50000000000000	3
2.50000000000000	4
3	4
4.50000000000000	6
4	16
3.50000000000000	5
3.50000000000000	4
2.50000000000000	10
3.50000000000000	4
4	4
2	9
2	13
2.50000000000000	7
4.50000000000000	3
2	5
4.50000000000000	8
4	8
5	3
3	4
3.50000000000000	11
3.50000000000000	4
4.50000000000000	11
3.50000000000000	5
4	27
2.50000000000000	10
2	4
3	90
4.50000000000000	19
3.50000000000000	12
4	7
4.50000000000000	3
2.50000000000000	7
5	3
3.50000000000000	13
2.50000000000000	6
1	3
4.50000000000000	4
2.50000000000000	4
4	5
2.50000000000000	9
1.50000000000000	8
3.50000000000000	3
2.50000000000000	24
4	5
4	9
2	9
3	6
3	5
2.50000000000000	19
4	16
5	3
3.50000000000000	7
3.50000000000000	5
4	3
3.50000000000000	17
5	3
3.50000000000000	20
4	15
4.50000000000000	3
3.50000000000000	4
5	25
3.50000000000000	8
2	7
3.50000000000000	15
2.50000000000000	9
4.50000000000000	4
4	14
4	14
2.50000000000000	5
4	3
3.50000000000000	6
3	11
4	5
2.50000000000000	11
2	13
4	4
4.50000000000000	32
3.50000000000000	3
3.50000000000000	6
2.50000000000000	7
2.50000000000000	5
3.50000000000000	6
3.50000000000000	3
3	9
4	4
2.50000000000000	4
2.50000000000000	9
2.50000000000000	36
3	6
4.50000000000000	59
3	3
3	4
4	7
1.50000000000000	3
3.50000000000000	4
3	5
3	12
2.50000000000000	23
2	8
4	84
4	6
1.50000000000000	3
1.50000000000000	23
2.50000000000000	5
4	4
3	3
4	5
2.50000000000000	3
4.50000000000000	3
2.50000000000000	37
5	6
5	12
5	5
3.50000000000000	11
3.50000000000000	3
4	5
4.50000000000000	6
2.50000000000000	3
4	8
2	10
3.50000000000000	9
3.50000000000000	3
4	4
2	16
4	36
4	5
3	19
3	5
3.50000000000000	12
4.50000000000000	6
2	9
2.50000000000000	24
4	5
3	3
5	3
5	3
3.50000000000000	27
5	7
4.50000000000000	3
3	10
3	11
3.50000000000000	19
3	3
4.50000000000000	8
2.50000000000000	21
3.50000000000000	13
3	29
2.50000000000000	17
3.50000000000000	24
4	57
3.50000000000000	19
3.50000000000000	27
3.50000000000000	4
4.50000000000000	32
2.50000000000000	8
4	6
2.50000000000000	9
4	19
5	4
3.50000000000000	7
2.50000000000000	18
5	3
3.50000000000000	6
3.50000000000000	4
2.50000000000000	16
2	10
3.50000000000000	44
2.50000000000000	3
4	7
2.50000000000000	22
4.50000000000000	5
3	4
3.50000000000000	7
2.50000000000000	7
2.50000000000000	3
3.50000000000000	6
4	48
4.50000000000000	5
4	8
4	5
4	11
4	20
4	6
3.50000000000000	10
4.50000000000000	3
1.50000000000000	7
3.50000000000000	35
4.50000000000000	7
2	6
4	3
1.50000000000000	13
3	6
4.50000000000000	22
2.50000000000000	3
3.50000000000000	7
2	8
4	3
3	22
1	3
3.50000000000000	16
1.50000000000000	11
4.50000000000000	59
5	12
4.50000000000000	3
2.50000000000000	4
4	42
2	3
4	5
2	16
4	5
2	4
5	4
3	4
4	16
2.50000000000000	4
1.50000000000000	5
2.50000000000000	4
2.50000000000000	3
3.50000000000000	3
3.50000000000000	7
4	3
2	6
4	5
2.50000000000000	18
2.50000000000000	7
4	8
2.50000000000000	9
4.50000000000000	9
3.50000000000000	38
3.50000000000000	3
2.50000000000000	21
3.50000000000000	12
3	14
4	7
4.50000000000000	5
2.50000000000000	6
4	13
3.50000000000000	7
3.50000000000000	3
5	4
3.50000000000000	3
2	15
3	22
4	4
4	7
2.50000000000000	9
4	12
3	5
4	77
1.50000000000000	4
2.50000000000000	3
4	4
3	21
3.50000000000000	3
2	5
3.50000000000000	6
3	10
2.50000000000000	3
3	3
2	3
4.50000000000000	18
3	4
3.50000000000000	19
4.50000000000000	49
3.50000000000000	3
3.50000000000000	9
2.50000000000000	6
4	11
3.50000000000000	4
3	8
3.50000000000000	9
4.50000000000000	8
4	24
4.50000000000000	3
4.50000000000000	23
4	18
4	12
3	5
3	3
2.50000000000000	58
2	3
3	5
3	3
3	15
3	6
4	24
4	8
3.50000000000000	4
4.50000000000000	10
4	21
4	6
5	4
3	5
5	5
3	3
4.50000000000000	3
1	3
2	5
3	62
3.50000000000000	7
2.50000000000000	7
2.50000000000000	7
3.50000000000000	7
4.50000000000000	3
2.50000000000000	9
4	28
5	12
2.50000000000000	3
3.50000000000000	4
3.50000000000000	3
1	3
4	9
3.50000000000000	15
4	13
5	3
3	4
4.50000000000000	31
3.50000000000000	5
3.50000000000000	30
4.50000000000000	5
1	3
5	8
2	15
3.50000000000000	7
3	24
3.50000000000000	5
2.50000000000000	6
5	3
5	3
3	5
4	4
2.50000000000000	3
5	6
3	12
3	20
3.50000000000000	3
2.50000000000000	5
3	5
3.50000000000000	3
4.50000000000000	3
3	36
2.50000000000000	4
2.50000000000000	10
2	11
4.50000000000000	3
3.50000000000000	3
1.50000000000000	8
3.50000000000000	16
3	14
2.50000000000000	7
1.50000000000000	3
3.50000000000000	6
3	15
4	5
4	6
3.50000000000000	13
4	4
3	8
4	11
3	3
3	6
4	6
2.50000000000000	4
3.50000000000000	16
5	3
3.50000000000000	3
2	5
3.50000000000000	9
3.50000000000000	3
2.50000000000000	16
2.50000000000000	3
3	3
4	11
2.50000000000000	5
3	48
2.50000000000000	3
3	5
2	4
3	5
4.50000000000000	3
3.50000000000000	12
2	4
4.50000000000000	30
4.50000000000000	5
3.50000000000000	8
3.50000000000000	7
3.50000000000000	3
3	4
3.50000000000000	9
2	3
3.50000000000000	9
4	37
3.50000000000000	5
2.50000000000000	10
3	3
4.50000000000000	6
3.50000000000000	3
2.50000000000000	6
3.50000000000000	5
3.50000000000000	13
4	9
3	11
3	21
2.50000000000000	8
3	15
1.50000000000000	5
3	10
2	4
1.50000000000000	6
4	17
2.50000000000000	3
4	3
3.50000000000000	3
4	5
2.50000000000000	5
4.50000000000000	11
2.50000000000000	6
3.50000000000000	6
4	36
2.50000000000000	9
3.50000000000000	19
3.50000000000000	4
3	5
2.50000000000000	8
3.50000000000000	3
4	5
3.50000000000000	4
4	6
3	19
3	35
3	12
4	5
2.50000000000000	6
2.50000000000000	10
5	28
4.50000000000000	74
3.50000000000000	188
4	122
4	198
3.50000000000000	33
3	13
4	9
4	4
4	6
4	5
3.50000000000000	3
4	3
4	420
3.50000000000000	4
3.50000000000000	112
4	37
3	13
4	12
3	15
3.50000000000000	54
3.50000000000000	105
3.50000000000000	240
2.50000000000000	5
3.50000000000000	35
2	85
2.50000000000000	18
3.50000000000000	15
2.50000000000000	84
4	35
5	6
3.50000000000000	16
3	6
3.50000000000000	3
5	3
4	240
4	211
3.50000000000000	93
2.50000000000000	3
3.50000000000000	14
3	41
4	22
5	8
5	4
5	42
5	5
4	6
3.50000000000000	12
3	9
4.50000000000000	7
3.50000000000000	14
3	8
4	352
4	5
3.50000000000000	22
3	9
3.50000000000000	59
2	36
3	137
4	6
4	7
4	10
4	337
3	87
4	4
1.50000000000000	48
4.50000000000000	6
4.50000000000000	10
3	26
4	10
3	8
4.50000000000000	16
4	99
3.50000000000000	6
4	353
4	4
4.50000000000000	24
3.50000000000000	20
4	24
3.50000000000000	27
4	34
4.50000000000000	18
4	3
3.50000000000000	35
3.50000000000000	3
3.50000000000000	26
3	59
5	10
4	247
5	18
4.50000000000000	96
4	68
3	110
3.50000000000000	149
5	5
4.50000000000000	84
3.50000000000000	4
4	7
3.50000000000000	66
4	6
4	9
5	3
4	257
4	61
3.50000000000000	18
2.50000000000000	36
4	8
4	16
3.50000000000000	30
4	52
3.50000000000000	34
3.50000000000000	15
3	29
3	10
3.50000000000000	21
2.50000000000000	92
5	4
5	9
3	102
5	9
2.50000000000000	27
1.50000000000000	5
3	8
3	8
4.50000000000000	4
4	104
3.50000000000000	300
4	4
3.50000000000000	27
4.50000000000000	289
5	4
5	6
4	7
1	3
3	50
4	224
3.50000000000000	35
4.50000000000000	4
3	19
4	5
3	51
4	58
2.50000000000000	7
3	55
3.50000000000000	12
3.50000000000000	3
4.50000000000000	9
3.50000000000000	5
2.50000000000000	19
2.50000000000000	11
3	4
4	34
4.50000000000000	6
4	4
3.50000000000000	32
3.50000000000000	3
3	11
3.50000000000000	33
3.50000000000000	9
4	5
3.50000000000000	4
4	358
4	9
2.50000000000000	14
3.50000000000000	3
4	27
4.50000000000000	27
4	166
5	9
2.50000000000000	22
3	49
5	4
3.50000000000000	10
4.50000000000000	60
4	4
3.50000000000000	29
4.50000000000000	5
4.50000000000000	40
3.50000000000000	26
5	28
3.50000000000000	7
3.50000000000000	9
4	161
4	5
2.50000000000000	3
4	35
2.50000000000000	249
4.50000000000000	26
2.50000000000000	5
4	14
3.50000000000000	69
4	29
3.50000000000000	4
3.50000000000000	3
3.50000000000000	25
3.50000000000000	6
3.50000000000000	3
4.50000000000000	37
1.50000000000000	16
3.50000000000000	10
3.50000000000000	5
2.50000000000000	3
4	7
2.50000000000000	18
4	4
3.50000000000000	6
4	6
4	21
5	6
4.50000000000000	4
4.50000000000000	23
2.50000000000000	15
3	7
4	26
4.50000000000000	67
5	5
2.50000000000000	41
4.50000000000000	13
5	3
3.50000000000000	14
3.50000000000000	20
4	223
3.50000000000000	13
3.50000000000000	391
1	8
3	15
2.50000000000000	37
4	4
4	125
3	16
5	6
4	34
4	21
5	8
3.50000000000000	22
5	3
5	16
2	5
4.50000000000000	14
4	1074
4	13
3.50000000000000	75
3.50000000000000	34
4	8
3.50000000000000	5
4	17
3.50000000000000	3
2	3
3.50000000000000	97
4	76
4	17
4.50000000000000	7
3.50000000000000	10
4	188
3	30
5	9
3	9
4	151
4.50000000000000	48
3.50000000000000	104
2.50000000000000	13
4.50000000000000	9
3	3
3	19
4	5
4	553
3.50000000000000	27
5	30
3	55
4.50000000000000	9
5	7
3.50000000000000	56
2	16
3.50000000000000	3
4	5
5	5
2	5
5	12
4.50000000000000	18
4	8
3.50000000000000	3
2.50000000000000	3
3.50000000000000	21
2.50000000000000	19
4	9
4	4
3.50000000000000	84
3	52
4.50000000000000	35
5	4
3.50000000000000	16
5	10
4.50000000000000	144
3.50000000000000	8
3.50000000000000	42
5	12
4	10
4	3
2	10
4.50000000000000	11
5	12
3.50000000000000	15
2.50000000000000	7
4.50000000000000	3
4	216
4	28
2	5
3.50000000000000	47
3.50000000000000	48
3	7
3	25
4	4
4.50000000000000	7
3	28
5	12
3	10
3.50000000000000	5
3.50000000000000	19
5	8
4	6
4	197
3	159
3.50000000000000	3
5	3
3	83
5	3
4	77
4.50000000000000	79
3	31
2.50000000000000	21
5	25
3.50000000000000	19
2.50000000000000	8
4	213
4	18
2.50000000000000	8
4	7
4.50000000000000	5
4	43
2.50000000000000	72
3	17
3	17
3.50000000000000	6
2.50000000000000	4
3.50000000000000	3
4	37
3.50000000000000	47
4.50000000000000	15
3.50000000000000	11
3.50000000000000	28
3	10
3	4
3	3
4.50000000000000	3
4	6
3.50000000000000	9
4.50000000000000	5
4.50000000000000	24
4.50000000000000	12
2.50000000000000	4
3	10
5	20
2.50000000000000	3
4	58
2.50000000000000	3
3.50000000000000	15
4	8
3.50000000000000	31
5	20
4.50000000000000	368
3	29
4.50000000000000	9
5	4
4	15
2.50000000000000	6
4.50000000000000	11
3	8
4.50000000000000	11
4	74
4	166
4.50000000000000	8
5	5
3.50000000000000	72
5	12
3.50000000000000	5
1.50000000000000	7
1.50000000000000	22
4.50000000000000	46
4	16
4	49
4.50000000000000	7
3.50000000000000	6
3.50000000000000	40
3	45
4	4
5	7
4.50000000000000	5
4	76
4.50000000000000	6
3.50000000000000	5
3.50000000000000	12
4	296
5	37
4.50000000000000	33
3	12
3	30
3.50000000000000	56
4	10
4.50000000000000	149
3.50000000000000	11
3	13
4	4
4	45
3.50000000000000	26
4.50000000000000	42
3	5
4.50000000000000	32
2.50000000000000	14
4	134
5	7
3.50000000000000	3
2.50000000000000	3
3	16
4.50000000000000	22
4	15
3.50000000000000	16
3.50000000000000	28
5	7
2.50000000000000	11
3.50000000000000	6
4	34
5	20
2.50000000000000	5
3	21
5	4
5	7
3	7
4	9
4	5
4.50000000000000	17
4.50000000000000	35
4.50000000000000	58
3.50000000000000	6
4.50000000000000	263
3	15
4	7
3	11
4	7
3.50000000000000	65
4	43
3.50000000000000	6
5	4
3	9
4	880
4	9
3.50000000000000	4
4.50000000000000	5
5	36
5	3
4.50000000000000	9
4.50000000000000	11
4	4
3.50000000000000	45
3.50000000000000	3
3	133
3	3
3.50000000000000	18
3.50000000000000	105
2.50000000000000	11
3.50000000000000	3
3	52
4	12
3.50000000000000	124
3	27
3	9
4.50000000000000	203
5	3
4	3
3.50000000000000	18
3.50000000000000	11
5	3
3	6
4	27
4	57
4	13
4	30
3	3
3.50000000000000	3
3.50000000000000	19
4	37
3	11
2.50000000000000	4
3.50000000000000	30
4.50000000000000	5
5	4
4.50000000000000	77
3.50000000000000	64
3.50000000000000	17
2.50000000000000	23
2	14
2.50000000000000	8
3	20
4	17
4	4
2	4
5	13
4	6
4	5
4.50000000000000	3
5	3
3	5
4	6
5	38
3	19
3	25
3.50000000000000	23
3	5
4.50000000000000	144
3.50000000000000	33
1	3
4	95
3	26
4	4
3.50000000000000	9
2.50000000000000	14
5	12
3	16
4	20
2.50000000000000	3
4	12
4.50000000000000	13
4	11
5	3
3	23
5	3
4	64
5	20
3.50000000000000	26
2.50000000000000	21
5	6
5	3
3.50000000000000	15
3.50000000000000	37
3.50000000000000	16
4.50000000000000	21
3.50000000000000	78
3.50000000000000	3
4	3
3.50000000000000	273
3.50000000000000	9
5	4
3	4
3.50000000000000	11
3	83
3.50000000000000	3
3.50000000000000	6
4	11
4.50000000000000	18
3.50000000000000	13
3.50000000000000	5
3.50000000000000	6
4	6
3	6
4	8
4	17
4.50000000000000	11
3.50000000000000	29
3.50000000000000	4
4.50000000000000	25
2	3
4	227
4.50000000000000	16
3.50000000000000	3
5	13
2.50000000000000	22
4	5
2.50000000000000	9
5	3
5	3
5	12
4	21
4	8
5	5
3.50000000000000	28
4	77
2	5
5	5
3	69
3	3
4	8
4.50000000000000	167
5	30
5	6
4	5
3	7
3.50000000000000	3
2.50000000000000	23
5	5
2.50000000000000	4
3.50000000000000	3
2.50000000000000	17
4	5
1	3
4	21
4.50000000000000	18
4.50000000000000	4
3.50000000000000	79
3.50000000000000	76
4.50000000000000	156
4.50000000000000	89
3.50000000000000	31
3.50000000000000	5
4	6
5	4
4.50000000000000	22
4	43
3	47
4	31
4	32
3	204
3	32
3	8
4.50000000000000	14
4.50000000000000	25
4.50000000000000	54
4.50000000000000	3
2.50000000000000	3
4	34
4	12
4	5
4.50000000000000	7
4	16
3.50000000000000	18
3.50000000000000	24
3	6
4	7
4	207
4	4
4	6
2	8
4	6
5	18
3	52
3.50000000000000	201
2	4
5	3
4.50000000000000	33
4.50000000000000	7
3	5
4	4
3.50000000000000	4
4	7
4	8
4	12
4	4
4	6
4	3
4	88
5	4
3.50000000000000	15
3.50000000000000	68
2.50000000000000	4
4	59
4	5
1.50000000000000	16
4	10
3.50000000000000	6
3.50000000000000	169
3	18
3.50000000000000	55
3.50000000000000	41
4.50000000000000	83
4	5
3.50000000000000	32
3.50000000000000	36
4	132
4	15
3.50000000000000	5
4.50000000000000	4
3	4
3	25
3.50000000000000	3
3.50000000000000	5
3.50000000000000	15
4.50000000000000	69
4	6
3	7
4	8
3	3
3.50000000000000	12
3.50000000000000	36
4	82
4	4
3	11
3	12
2	9
4.50000000000000	10
3	4
3	78
1.50000000000000	18
4.50000000000000	4
4	4
3	169
4	6
5	3
3.50000000000000	5
3.50000000000000	4
4.50000000000000	3
1	4
4.50000000000000	15
1.50000000000000	6
4.50000000000000	7
4.50000000000000	44
4	5
3.50000000000000	43
4.50000000000000	48
4	41
4.50000000000000	3
2.50000000000000	27
3.50000000000000	16
2.50000000000000	24
4	30
2.50000000000000	3
4	160
2.50000000000000	92
1	3
3.50000000000000	45
3.50000000000000	73
3.50000000000000	21
4	4
3.50000000000000	4
4.50000000000000	8
4	5
3	94
5	5
4	4
3.50000000000000	3
3.50000000000000	80
2.50000000000000	5
5	5
4	10
3	17
3	52
4.50000000000000	13
3	4
3.50000000000000	204
3.50000000000000	97
3.50000000000000	6
5	10
4	13
4.50000000000000	5
3	3
4	6
2.50000000000000	4
4.50000000000000	39
2.50000000000000	7
4.50000000000000	11
4	33
3.50000000000000	3
5	5
1.50000000000000	7
4	9
4.50000000000000	31
3	19
3.50000000000000	18
4.50000000000000	3
3.50000000000000	256
3	75
4	144
3.50000000000000	6
4	4
3.50000000000000	21
5	6
3	8
4.50000000000000	4
3.50000000000000	8
4.50000000000000	3
4.50000000000000	13
3.50000000000000	6
4.50000000000000	7
3.50000000000000	8
4.50000000000000	109
3	3
4	31
4	17
5	4
5	3
2	22
4.50000000000000	14
3	6
5	3
3	24
5	16
4	6
3.50000000000000	46
3.50000000000000	3
2.50000000000000	4
4.50000000000000	15
5	7
5	72
4	12
3.50000000000000	4
3.50000000000000	4
1.50000000000000	5
3	18
4	4
4.50000000000000	3
2.50000000000000	3
3	222
2	5
4	21
4.50000000000000	15
4	19
2	4
4.50000000000000	3
4.50000000000000	44
4	4
3	70
1.50000000000000	9
3.50000000000000	9
3.50000000000000	5
4.50000000000000	5
3	5
4.50000000000000	42
3	3
4	6
3.50000000000000	7
4	9
2.50000000000000	3
4	7
3.50000000000000	53
3.50000000000000	21
4	213
3	7
4	5
2	5
4	12
5	3
1.50000000000000	10
2.50000000000000	12
4	101
4	29
3.50000000000000	4
5	4
4	4
1	5
4.50000000000000	43
4.50000000000000	6
5	32
4.50000000000000	11
4	17
3.50000000000000	13
3.50000000000000	16
1.50000000000000	4
3.50000000000000	17
3	4
4	14
2	20
4.50000000000000	44
3.50000000000000	64
5	7
2	13
3	10
3	9
3.50000000000000	38
4.50000000000000	5
4	5
4.50000000000000	208
3.50000000000000	3
2.50000000000000	3
2.50000000000000	6
4.50000000000000	225
3.50000000000000	4
4	13
3.50000000000000	6
3.50000000000000	10
4	254
4.50000000000000	4
3.50000000000000	7
4	5
2.50000000000000	38
4.50000000000000	22
4.50000000000000	68
3.50000000000000	17
3.50000000000000	11
2.50000000000000	4
3	41
1.50000000000000	3
2	4
4.50000000000000	13
4.50000000000000	26
2	5
3	54
4.50000000000000	11
4	10
2.50000000000000	18
3.50000000000000	13
3	5
5	3
4	77
3	3
5	8
3	22
4.50000000000000	3
3.50000000000000	8
3.50000000000000	19
2.50000000000000	11
4.50000000000000	7
3	22
4	145
2.50000000000000	5
4.50000000000000	28
5	9
3.50000000000000	11
4.50000000000000	30
2.50000000000000	32
5	6
4.50000000000000	6
5	4
2	4
4	9
3	5
3.50000000000000	13
3.50000000000000	426
4	5
2	35
3.50000000000000	85
4.50000000000000	28
2	6
3.50000000000000	10
1.50000000000000	7
3.50000000000000	8
3	141
3.50000000000000	44
4.50000000000000	18
3	27
4.50000000000000	23
3.50000000000000	4
4.50000000000000	11
3	3
5	3
3.50000000000000	16
4	32
1	32
4.50000000000000	25
3.50000000000000	22
3.50000000000000	383
4	130
3.50000000000000	9
4.50000000000000	8
3	33
2.50000000000000	5
2.50000000000000	37
4	14
3	4
3.50000000000000	7
2.50000000000000	4
3	114
5	4
5	23
4	4
1.50000000000000	20
3.50000000000000	3
4	170
3.50000000000000	9
5	3
3.50000000000000	6
3.50000000000000	65
4.50000000000000	24
4.50000000000000	3
3.50000000000000	12
4	224
3.50000000000000	3
4	149
3.50000000000000	19
4.50000000000000	29
4	22
4	36
1	8
3.50000000000000	6
1.50000000000000	7
4.50000000000000	6
1.50000000000000	17
3	11
3.50000000000000	63
3.50000000000000	18
2.50000000000000	15
2	3
3.50000000000000	21
2.50000000000000	7
3.50000000000000	27
5	4
4.50000000000000	12
3.50000000000000	60
3.50000000000000	3
3	57
2	17
2	4
4.50000000000000	3
4	56
5	11
4	29
1.50000000000000	6
4.50000000000000	6
3.50000000000000	116
3.50000000000000	3
3.50000000000000	3
4	3
4	11
5	4
3.50000000000000	11
3.50000000000000	78
3.50000000000000	44
4	9
5	5
4	9
4.50000000000000	6
4.50000000000000	4
3	12
2.50000000000000	3
4.50000000000000	6
4.50000000000000	4
3.50000000000000	17
3.50000000000000	30
5	6
2.50000000000000	5
3.50000000000000	6
4.50000000000000	7
5	3
3.50000000000000	199
2	3
3.50000000000000	22
2.50000000000000	3
5	12
4	20
4	44
3	12
4.50000000000000	31
5	4
4	3
4.50000000000000	16
4	9
2.50000000000000	3
4	180
4	4
4.50000000000000	19
5	13
5	8
3.50000000000000	16
2.50000000000000	3
4.50000000000000	6
3.50000000000000	24
3	167
4	61
4	18
3.50000000000000	14
1.50000000000000	6
3	22
3.50000000000000	4
3	4
2.50000000000000	5
4.50000000000000	29
5	5
3	4
2.50000000000000	7
3.50000000000000	8
3.50000000000000	8
4	9
4.50000000000000	110
2.50000000000000	4
4	3
4	135
4	25
3.50000000000000	12
2.50000000000000	5
1.50000000000000	5
5	6
2	4
4	7
3.50000000000000	66
4.50000000000000	22
4	38
4	33
5	5
3	4
5	3
5	3
4	84
4	8
4	16
4.50000000000000	94
4.50000000000000	39
3	34
3	330
2.50000000000000	10
4	46
3	13
3.50000000000000	80
4.50000000000000	3
2.50000000000000	3
3.50000000000000	41
3.50000000000000	8
3	7
4.50000000000000	3
4.50000000000000	11
2	7
4.50000000000000	7
4	87
4.50000000000000	19
3.50000000000000	96
4.50000000000000	13
4.50000000000000	7
3	12
4.50000000000000	8
5	13
4	28
2	12
4.50000000000000	3
4.50000000000000	7
4.50000000000000	571
3.50000000000000	19
4.50000000000000	55
3	5
2	51
3.50000000000000	16
4	136
4.50000000000000	4
4.50000000000000	11
3	30
3.50000000000000	17
4.50000000000000	3
3.50000000000000	5
5	11
4.50000000000000	7
4.50000000000000	29
4.50000000000000	5
2	24
3.50000000000000	11
5	5
4	21
4	52
3	53
3.50000000000000	6
2.50000000000000	5
2.50000000000000	17
3	23
3.50000000000000	27
4.50000000000000	6
3.50000000000000	4
3	6
3.50000000000000	28
5	13
3.50000000000000	3
4.50000000000000	6
3.50000000000000	8
5	5
2	5
3.50000000000000	11
4	6
2.50000000000000	13
5	8
4	18
3	7
3	3
4	4
3.50000000000000	204
4	3
2.50000000000000	49
3	54
3	20
4	7
5	5
4	20
5	7
4	7
3.50000000000000	12
3.50000000000000	3
4	135
3.50000000000000	34
2.50000000000000	3
3.50000000000000	131
5	7
4	6
5	3
5	3
2.50000000000000	6
2.50000000000000	3
5	9
5	6
4	4
2	12
3	9
3.50000000000000	24
4	56
3	4
4.50000000000000	71
3	8
3.50000000000000	4
2.50000000000000	3
3.50000000000000	3
1.50000000000000	3
2.50000000000000	8
4	12
5	5
3	56
2.50000000000000	5
3.50000000000000	31
1.50000000000000	7
3.50000000000000	24
3.50000000000000	34
2.50000000000000	5
3	60
3	53
3.50000000000000	63
3.50000000000000	8
4.50000000000000	9
4	142
3.50000000000000	58
3.50000000000000	38
3.50000000000000	15
2	10
4	43
4.50000000000000	6
3.50000000000000	5
4	10
5	3
3.50000000000000	11
4.50000000000000	12
4	15
2.50000000000000	9
3	33
4	8
2	13
5	10
4	13
5	9
4.50000000000000	3
4.50000000000000	57
2.50000000000000	66
2	8
2.50000000000000	19
3.50000000000000	8
3.50000000000000	8
3.50000000000000	9
4.50000000000000	11
3.50000000000000	86
4	11
1.50000000000000	3
2.50000000000000	9
4	41
5	17
3	6
3.50000000000000	4
3.50000000000000	10
4	5
4	6
4.50000000000000	26
2.50000000000000	6
3.50000000000000	14
4	3
3	9
3	234
1.50000000000000	7
4	154
5	6
3.50000000000000	15
4.50000000000000	3
5	26
3	28
3.50000000000000	6
3	11
4	199
3.50000000000000	9
3.50000000000000	24
2.50000000000000	8
3.50000000000000	4
2.50000000000000	5
3	22
5	27
4.50000000000000	7
3	6
4	6
3.50000000000000	3
5	3
4	13
4	21
4	45
3.50000000000000	3
5	6
3	8
4.50000000000000	40
4.50000000000000	4
4.50000000000000	71
3.50000000000000	36
4	8
3.50000000000000	8
4	3
4	105
4	317
5	7
3.50000000000000	28
4	10
3.50000000000000	4
3	7
3	5
4	15
1	8
4	44
3.50000000000000	3
2.50000000000000	71
5	5
4	8
4.50000000000000	72
3.50000000000000	5
3	28
4.50000000000000	18
3	64
4	20
4.50000000000000	5
5	5
4.50000000000000	24
3	8
3	3
4.50000000000000	4
4.50000000000000	9
4	25
4	135
5	6
2	28
2.50000000000000	25
1.50000000000000	3
4	23
4	10
3	40
5	32
4.50000000000000	5
4.50000000000000	188
4	4
3	50
2	9
4.50000000000000	18
4	91
3	3
3	10
4	58
4	3
3.50000000000000	8
4	132
3.50000000000000	14
2.50000000000000	3
4	4
2.50000000000000	8
2.50000000000000	3
3.50000000000000	7
4	13
4	163
3.50000000000000	7
4.50000000000000	3
2.50000000000000	19
3.50000000000000	3
5	5
1	9
3.50000000000000	43
5	8
2.50000000000000	3
3	16
4	5
2.50000000000000	4
3	3
3.50000000000000	6
4	8
4.50000000000000	10
5	8
4.50000000000000	396
3.50000000000000	207
5	34
5	6
4	13
4	22
5	4
3	7
5	4
2.50000000000000	4
5	3
3.50000000000000	53
4.50000000000000	3
3	13
4.50000000000000	58
2.50000000000000	3
3.50000000000000	40
3	11
4.50000000000000	7
4	11
4.50000000000000	13
4	20
4.50000000000000	3
3.50000000000000	9
1	3
3	93
3	54
2.50000000000000	3
3.50000000000000	3
4	15
4	7
3	6
3.50000000000000	72
3	5
4.50000000000000	4
4.50000000000000	16
4.50000000000000	3
3.50000000000000	34
2.50000000000000	4
4.50000000000000	3
4	5
3.50000000000000	21
4.50000000000000	12
3.50000000000000	20
3	9
4.50000000000000	61
1.50000000000000	12
3.50000000000000	95
5	3
4	5
4	4
4	5
2.50000000000000	7
3.50000000000000	40
2.50000000000000	10
2	18
4.50000000000000	23
4	70
4	20
3	82
4.50000000000000	11
1.50000000000000	20
4.50000000000000	224
2.50000000000000	4
4.50000000000000	5
4	3
4	52
5	3
5	18
4	83
3	10
4	20
5	6
3.50000000000000	187
2.50000000000000	12
1	5
4	119
4	4
2.50000000000000	11
3	4
3.50000000000000	5
4	12
4	18
5	11
4.50000000000000	12
3.50000000000000	97
3.50000000000000	32
3	4
5	16
2.50000000000000	7
3	11
1	3
5	4
4	10
4	13
2.50000000000000	32
3	4
3.50000000000000	12
2	50
3.50000000000000	6
3	20
3.50000000000000	6
3	5
2.50000000000000	49
2.50000000000000	5
4	13
3.50000000000000	41
4.50000000000000	4
5	3
2.50000000000000	8
4	19
4.50000000000000	32
4.50000000000000	62
5	3
2.50000000000000	15
1	12
3	11
4	82
3	4
2.50000000000000	5
3.50000000000000	121
4	6
5	10
5	16
3	15
5	15
4	14
4.50000000000000	10
4	12
4.50000000000000	14
3	101
2	33
4	6
4.50000000000000	5
4	4
5	8
3.50000000000000	4
4.50000000000000	10
2.50000000000000	6
4	3
4.50000000000000	3
4	6
3	25
5	16
2	4
4.50000000000000	3
4	4
2.50000000000000	5
4	7
4	4
5	5
3.50000000000000	3
4	140
4	3
3.50000000000000	3
4.50000000000000	7
5	3
4.50000000000000	7
5	3
4.50000000000000	3
4.50000000000000	4
4.50000000000000	7
2	6
3.50000000000000	38
2	130
3.50000000000000	24
3.50000000000000	27
5	9
4.50000000000000	7
4	33
3.50000000000000	115
3.50000000000000	33
2	4
2	4
3.50000000000000	4
3.50000000000000	34
4	12
3.50000000000000	11
5	4
2	40
3.50000000000000	284
3	9
3	8
5	22
4.50000000000000	3
3.50000000000000	6
3	22
5	5
4	19
5	8
2.50000000000000	53
4	5
5	11
3	21
4	4
4.50000000000000	289
4	64
5	6
4.50000000000000	11
3	87
3.50000000000000	4
3.50000000000000	5
3	9
1	3
3	15
4.50000000000000	3
3.50000000000000	9
4	88
4	13
3	8
2.50000000000000	9
4	5
3	9
4	100
3	47
4	709
2	44
5	15
3.50000000000000	35
5	3
4.50000000000000	3
2.50000000000000	6
4.50000000000000	6
2.50000000000000	7
2.50000000000000	15
3	4
4.50000000000000	3
5	6
2.50000000000000	3
4.50000000000000	8
4.50000000000000	3
3	15
5	5
4.50000000000000	16
2.50000000000000	6
4.50000000000000	3
4	47
4	77
4.50000000000000	20
3	110
5	10
3	10
4.50000000000000	6
4.50000000000000	3
2.50000000000000	4
3	5
5	4
5	5
4	4
2.50000000000000	4
4.50000000000000	62
2.50000000000000	20
2	9
5	5
4	5
3.50000000000000	3
1	13
3	4
3	6
3.50000000000000	3
5	8
4.50000000000000	16
5	4
4.50000000000000	8
4	88
5	34
1	6
5	8
3	20
1	4
4.50000000000000	27
3	4
3	25
4.50000000000000	16
3.50000000000000	5
2.50000000000000	7
4	20
2.50000000000000	5
3.50000000000000	110
5	13
3	9
5	7
1	3
4.50000000000000	21
3.50000000000000	4
3.50000000000000	3
4.50000000000000	14
3	14
4	4
5	6
2	4
4	78
2.50000000000000	5
2.50000000000000	23
2.50000000000000	41
5	10
1.50000000000000	14
4	12
5	3
4	11
5	4
4	56
4	55
3.50000000000000	334
4.50000000000000	23
4.50000000000000	6
3.50000000000000	51
3.50000000000000	58
4.50000000000000	3
3	22
4	124
2.50000000000000	6
3.50000000000000	15
4.50000000000000	4
4.50000000000000	131
4.50000000000000	13
2	3
3	4
1	4
5	3
5	6
4	6
4.50000000000000	10
4.50000000000000	5
5	4
4	115
5	10
3.50000000000000	5
5	8
4	23
5	29
4.50000000000000	72
4	66
4	12
3	6
3.50000000000000	8
3.50000000000000	9
4	6
4	6
5	3
4	62
4	3
4	3
5	4
4	10
4	11
4	14
5	4
3.50000000000000	16
4	6
5	7
5	12
3	8
4.50000000000000	15
4.50000000000000	7
5	3
1.50000000000000	3
4.50000000000000	3
4.50000000000000	3
3	13
2	4
4	5
4	19
3.50000000000000	4
4.50000000000000	32
3	4
4	16
5	7
4.50000000000000	7
3.50000000000000	3
3.50000000000000	51
3	9
5	7
2.50000000000000	3
4.50000000000000	3
5	3
4.50000000000000	43
4	26
4.50000000000000	29
3	9
3	73
4	5
4	4
3.50000000000000	3
3.50000000000000	3
4	14
3.50000000000000	3
4	5
3	9
5	3
2.50000000000000	10
5	7
3.50000000000000	70
3	5
4	4
3.50000000000000	37
4	95
3.50000000000000	55
3	50
4	14
4.50000000000000	3
3	30
3	61
5	5
2	7
3.50000000000000	10
3	4
5	4
4.50000000000000	6
3.50000000000000	3
3	6
3.50000000000000	153
4.50000000000000	8
5	4
5	12
3	23
4.50000000000000	135
3.50000000000000	4
5	3
3.50000000000000	10
3	21
4.50000000000000	13
3.50000000000000	10
1	6
4.50000000000000	55
4	8
1	5
3	10
4.50000000000000	49
4.50000000000000	20
2.50000000000000	3
3.50000000000000	4
5	3
5	3
5	6
3	3
2	18
4.50000000000000	5
4	4
3.50000000000000	3
3	4
1.50000000000000	4
4	45
3.50000000000000	60
5	19
2.50000000000000	5
4	5
4.50000000000000	23
5	3
1	9
2	44
1	7
1.50000000000000	3
5	12
2.50000000000000	15
4	34
2.50000000000000	28
2	28
4	42
2.50000000000000	15
4.50000000000000	75
4	3
2.50000000000000	8
3.50000000000000	3
3	84
5	5
3.50000000000000	44
4.50000000000000	52
5	5
3.50000000000000	14
4.50000000000000	3
3.50000000000000	3
2.50000000000000	3
4	8
4	8
1.50000000000000	3
2	4
4.50000000000000	30
3.50000000000000	3
3.50000000000000	7
5	5
3	60
4	32
2	3
3.50000000000000	79
3.50000000000000	55
3.50000000000000	162
4	34
4	8
4	15
4.50000000000000	76
5	5
4	5
1.50000000000000	11
4.50000000000000	21
2.50000000000000	3
3	4
4.50000000000000	14
4	11
5	3
4	5
5	9
3	7
5	3
3.50000000000000	14
4.50000000000000	97
4	18
4.50000000000000	11
1.50000000000000	15
2	4
4	11
4.50000000000000	15
3.50000000000000	5
2	5
5	3
4	4
2.50000000000000	7
2.50000000000000	3
3.50000000000000	10
3.50000000000000	6
5	19
4	227
4	225
5	4
4.50000000000000	4
4	7
4	19
4	10
4.50000000000000	8
4	4
5	11
5	4
5	4
3	9
4.50000000000000	15
3	6
2.50000000000000	7
4	134
5	3
3.50000000000000	20
4.50000000000000	3
4.50000000000000	83
4	5
2.50000000000000	3
5	5
4	3
5	13
3.50000000000000	11
4	12
4	9
4.50000000000000	7
3.50000000000000	35
5	6
3	136
4	4
3.50000000000000	45
5	3
4	4
3.50000000000000	3
4	18
4	11
4.50000000000000	7
5	4
5	3
4.50000000000000	24
4.50000000000000	23
5	8
3.50000000000000	44
2.50000000000000	5
4.50000000000000	3
5	41
4.50000000000000	6
4	22
3.50000000000000	48
5	4
4.50000000000000	88
5	6
1	6
4.50000000000000	10
4.50000000000000	46
3.50000000000000	17
5	9
4.50000000000000	5
2.50000000000000	3
4	10
4.50000000000000	6
4.50000000000000	12
4.50000000000000	77
4.50000000000000	87
4	16
3.50000000000000	5
1.50000000000000	3
2.50000000000000	8
3.50000000000000	41
4	79
5	23
4	4
5	23
5	3
3	10
3	5
1.50000000000000	3
2	5
4.50000000000000	6
5	3
4	20
4	70
4	31
4.50000000000000	3
2.50000000000000	3
3.50000000000000	56
2.50000000000000	4
4	5
1.50000000000000	120
4.50000000000000	173
2	5
4.50000000000000	130
5	5
4.50000000000000	11
4	113
3.50000000000000	18
5	36
4	7
3	167
4.50000000000000	4
4	6
3	23
4	121
1.50000000000000	4
4.50000000000000	5
2.50000000000000	3
4.50000000000000	4
5	6
4.50000000000000	3
4	7
4	11
4.50000000000000	32
2	9
3.50000000000000	17
4.50000000000000	13
2.50000000000000	3
4.50000000000000	7
4.50000000000000	7
5	47
5	7
4.50000000000000	202
3	3
5	4
4.50000000000000	4
5	4
4.50000000000000	93
5	41
3.50000000000000	13
3.50000000000000	56
3	3
5	4
5	6
2.50000000000000	8
3	27
3.50000000000000	6
3	4
4	8
3.50000000000000	7
3.50000000000000	7
4.50000000000000	4
3.50000000000000	80
4	136
2.50000000000000	10
5	12
4.50000000000000	7
5	10
4	10
4.50000000000000	56
2.50000000000000	4
4	9
4	6
5	5
5	3
3.50000000000000	8
3.50000000000000	31
3.50000000000000	5
4.50000000000000	9
4	4
3	4
2	4
2.50000000000000	8
3.50000000000000	56
3	4
4.50000000000000	9
5	11
2	3
5	5
3.50000000000000	30
5	7
4	4
4.50000000000000	77
5	3
3	22
5	3
3.50000000000000	4
4.50000000000000	6
3	15
2.50000000000000	7
4.50000000000000	35
4	17
2.50000000000000	6
4	5
3	45
5	15
4.50000000000000	4
4.50000000000000	10
2	26
4.50000000000000	10
2.50000000000000	3
2.50000000000000	4
4	34
1.50000000000000	9
4	8
3.50000000000000	64
4	6
3	4
3.50000000000000	32
4	8
2	4
3.50000000000000	5
5	5
4.50000000000000	3
5	42
1.50000000000000	3
5	3
3.50000000000000	94
4.50000000000000	4
2.50000000000000	4
4	56
4	4
3.50000000000000	130
2	7
3	116
5	5
4.50000000000000	7
4.50000000000000	8
5	4
3.50000000000000	4
3.50000000000000	3
5	13
4.50000000000000	10
3.50000000000000	13
5	4
5	19
4	3
4	36
5	5
4.50000000000000	3
5	4
5	3
5	4
4.50000000000000	7
2.50000000000000	11
4.50000000000000	7
1.50000000000000	3
2.50000000000000	6
4	3
3	12
3.50000000000000	3
4	4
4.50000000000000	6
2.50000000000000	8
4	4
5	4
5	4
4	24
2	6
2.50000000000000	3
4	4
4	140
4	6
4	5
3.50000000000000	3
5	9
4	10
4	5
5	17
4	15
3	14
5	6
4.50000000000000	10
4	61
4.50000000000000	44
4	3
5	4
4	41
3	6
4	7
3.50000000000000	86
4.50000000000000	45
5	4
4.50000000000000	19
4	8
5	8
2	7
3.50000000000000	43
4.50000000000000	11
2.50000000000000	16
2	3
5	17
4.50000000000000	7
3	10
4.50000000000000	7
3.50000000000000	12
4	4
5	3
3	24
4.50000000000000	5
3.50000000000000	5
5	12
4	3
2.50000000000000	39
4.50000000000000	6
4	365
5	3
4.50000000000000	35
3.50000000000000	144
2	8
3	5
4.50000000000000	17
3.50000000000000	7
5	36
5	3
5	4
4.50000000000000	3
3.50000000000000	12
4.50000000000000	83
3.50000000000000	107
3	10
5	3
4	29
5	9
2.50000000000000	3
4	55
3	19
3	28
3	5
4.50000000000000	109
4	9
3	28
3	78
4.50000000000000	6
4.50000000000000	3
4.50000000000000	58
5	4
5	5
4.50000000000000	30
4.50000000000000	3
4	3
4	18
2.50000000000000	4
3.50000000000000	5
3	4
5	4
4	51
4	21
4.50000000000000	7
5	3
5	25
5	6
4	46
3	5
5	3
3	67
4.50000000000000	52
5	3
4	13
4	4
5	3
4	5
4.50000000000000	122
5	40
5	3
4	5
3	5
4	17
4.50000000000000	25
3.50000000000000	11
3	6
5	3
4.50000000000000	10
4.50000000000000	10
4	4
2.50000000000000	24
4	56
3.50000000000000	5
5	4
5	9
3.50000000000000	12
3	5
3.50000000000000	6
1	3
5	6
5	5
3.50000000000000	19
3	3
4.50000000000000	3
5	4
4	17
4.50000000000000	84
2	12
1	5
5	3
3.50000000000000	9
5	4
5	5
1.50000000000000	7
5	19
2	3
4	28
3.50000000000000	4
5	6
3.50000000000000	43
4.50000000000000	4
3	5
2.50000000000000	162
4.50000000000000	6
5	3
4	61
5	9
3	4
4.50000000000000	18
5	4
5	11
4.50000000000000	6
4.50000000000000	10
4.50000000000000	4
4	9
4.50000000000000	212
4.50000000000000	122
5	3
5	5
5	3
5	8
2.50000000000000	6
4	35
4	10
3	5
4.50000000000000	14
5	5
5	32
4	53
3.50000000000000	3
4	4
4.50000000000000	27
5	3
3.50000000000000	8
4	132
4.50000000000000	9
4.50000000000000	12
3.50000000000000	71
5	6
3.50000000000000	79
4	6
3.50000000000000	5
5	4
3.50000000000000	6
4	14
2.50000000000000	44
5	16
4	44
4.50000000000000	3
4.50000000000000	37
5	7
4.50000000000000	21
4.50000000000000	8
4.50000000000000	6
5	6
3.50000000000000	3
4	9
5	4
3	7
3.50000000000000	27
4.50000000000000	3
4.50000000000000	10
5	4
4.50000000000000	6
3.50000000000000	7
2.50000000000000	67
5	9
4.50000000000000	12
4	44
3.50000000000000	5
3	9
4	17
3.50000000000000	6
3.50000000000000	6
2	7
4	27
4.50000000000000	3
4	153
5	8
4.50000000000000	4
3.50000000000000	138
3	17
3.50000000000000	5
4	9
4.50000000000000	7
4.50000000000000	29
5	3
5	3
3.50000000000000	35
4.50000000000000	8
3.50000000000000	6
3.50000000000000	18
4.50000000000000	9
4.50000000000000	3
2.50000000000000	11
5	5
4	31
2	11
4.50000000000000	15
5	4
4	21
4	44
4.50000000000000	36
3	4
4	5
4.50000000000000	13
4	5
5	3
4.50000000000000	35
4	14
5	6
5	16
5	4
3.50000000000000	25
2.50000000000000	4
5	3
5	9
5	3
4.50000000000000	77
5	3
5	3
4	18
5	10
4	66
4	39
5	5
5	4
4	11
3	16
4.50000000000000	8
4	14
4.50000000000000	93
3.50000000000000	33
3	35
2.50000000000000	7
5	17
1.50000000000000	7
4.50000000000000	20
4.50000000000000	3
4.50000000000000	5
3.50000000000000	3
4.50000000000000	3
4	134
4.50000000000000	13
4	12
5	4
4.50000000000000	10
4.50000000000000	10
4.50000000000000	17
4.50000000000000	7
4	12
5	5
4	5
4.50000000000000	3
4.50000000000000	3
4.50000000000000	3
4.50000000000000	16
4.50000000000000	19
4	42
4.50000000000000	7
4	98
3.50000000000000	13
3	67
5	6
4.50000000000000	7
4	26
4	34
5	3
5	4
4.50000000000000	26
3.50000000000000	22
5	24
4.50000000000000	3
4.50000000000000	19
3	40
3.50000000000000	11
4.50000000000000	80
2	9
5	3
4.50000000000000	23
4	26
2.50000000000000	3
4.50000000000000	3
4.50000000000000	6
4.50000000000000	4
4.50000000000000	11
3.50000000000000	18
4	7
4.50000000000000	27
4	21
4.50000000000000	4
2.50000000000000	4
5	12
5	6
2.50000000000000	3
4.50000000000000	12
4.50000000000000	4
3.50000000000000	4
3.50000000000000	25
4	13
4	31
4.50000000000000	4
3.50000000000000	20
4	21
4.50000000000000	16
4	36
4.50000000000000	6
5	4
3	18
4.50000000000000	56
4	26
5	8
4.50000000000000	16
3.50000000000000	5
4.50000000000000	19
4.50000000000000	16
3.50000000000000	85
4.50000000000000	15
2	7
5	4
4.50000000000000	3
2.50000000000000	57
5	18
3	4
5	32
2.50000000000000	57