4	0
2.50000000000000	3
4.50000000000000	0
3	201
4	60
3	0
4	37
1	0
3.50000000000000	46
4.50000000000000	49
2.50000000000000	73
3	6
2	0
3.50000000000000	100
4	4
3.50000000000000	129
4.50000000000000	97
4	28
4	23
4.50000000000000	581
5	13
3.50000000000000	161
4.50000000000000	134
4	0
4	141
4	139
3	721
3	189
4	218
3.50000000000000	689
3.50000000000000	169
2.50000000000000	118
3.50000000000000	278
4	19
2.50000000000000	0
3.50000000000000	16
4	77
2.50000000000000	19
2.50000000000000	0
3.50000000000000	668
3.50000000000000	57
2.50000000000000	20
5	18
4	27
3.50000000000000	8
3	41
3	16
4	13
3.50000000000000	556
3	132
3.50000000000000	30
4.50000000000000	8
4	52
2.50000000000000	0
4	112
4.50000000000000	27
4	30
1.50000000000000	41
4	0
4	43
3.50000000000000	310
3.50000000000000	74
3	109
4.50000000000000	10
3	5
4	150
3.50000000000000	0
4.50000000000000	90
5	12
2.50000000000000	32
3.50000000000000	1021
3	0
4	17
4	40
4	571
4	8
3	85
2.50000000000000	98
3.50000000000000	15
4	132
3	16
3.50000000000000	105
3	96
2.50000000000000	93
3.50000000000000	503
4	11
4	156
2.50000000000000	36
4.50000000000000	448
3.50000000000000	13
3.50000000000000	231
3.50000000000000	0
3.50000000000000	46
1.50000000000000	21
4	45
4	101
4	977
3.50000000000000	131
3.50000000000000	0
3.50000000000000	44
3.50000000000000	396
4	0
3.50000000000000	0
3	4
4.50000000000000	68
3	210
3	24
3.50000000000000	52
3.50000000000000	64
1.50000000000000	12
2	40
3	139
4.50000000000000	241
4	419
2.50000000000000	16
2.50000000000000	0
4	42
4.50000000000000	54
3	114
3.50000000000000	28
2.50000000000000	45
3	0
3	39
4.50000000000000	31
4.50000000000000	36
2	0
3.50000000000000	93
3	237
4	0
3	0
2	0
3	0
4	18
4	5
4.50000000000000	9
3	220
5	8
3	38
3.50000000000000	0
1.50000000000000	6
2.50000000000000	22
1.50000000000000	4
2.50000000000000	63
4	29
3	22
2.50000000000000	0
2	7
3	25
4.50000000000000	5
4	91
3.50000000000000	33
3	0
2.50000000000000	0
4	0
3.50000000000000	11
3.50000000000000	8
3	209
3.50000000000000	0
4	0
1.50000000000000	7
4.50000000000000	29
4.50000000000000	0
3.50000000000000	4
4	177
3.50000000000000	16
3.50000000000000	769
1.50000000000000	13
2.50000000000000	115
3.50000000000000	5
3.50000000000000	18
3	71
2.50000000000000	0
3.50000000000000	79
1.50000000000000	4
2.50000000000000	0
2.50000000000000	57
3	75
4.50000000000000	140
4	1012
4	1192
5	0
4	9
3.50000000000000	200
3.50000000000000	220
5	19
5	81
3.50000000000000	115
3	44
4	38
4	3
5	0
4.50000000000000	22
3.50000000000000	5
4.50000000000000	40
4	12
2	14
4.50000000000000	0
4	0
4.50000000000000	28
3	102
4	0
2.50000000000000	0
4	33
4	58
5	0
4	0
4.50000000000000	280
4.50000000000000	26
5	0
4	0
4	0
3.50000000000000	59
3	0
4	0
5	0
4	499
4	37
4	23
3.50000000000000	38
3.50000000000000	24
4	33
4	159
4	42
3	180
3.50000000000000	710
3	21
5	0
4	0
4	17
3.50000000000000	21
4.50000000000000	192
3	38
4.50000000000000	17
4	33
2.50000000000000	13
2.50000000000000	25
3	88
3	0
3	0
3.50000000000000	108
3.50000000000000	20
4.50000000000000	114
3.50000000000000	14
5	0
3	72
3.50000000000000	52
2	0
2	5
4.50000000000000	155
4	615
4	3
3	55
4	48
4	14
4.50000000000000	7
3.50000000000000	3
3.50000000000000	8
4	7
5	0
5	13
3.50000000000000	0
5	0
5	4
3.50000000000000	8
2	16
4	18
2	8
3.50000000000000	60
3.50000000000000	0
3	129
4	52
2	5
5	8
4	0
4	0
3.50000000000000	3
4.50000000000000	37
2.50000000000000	69
3.50000000000000	33293
4	61
2	76
4.50000000000000	12
3	55
5	0
2.50000000000000	85
5	59
2.50000000000000	5
4	0
2	0
4	26
3.50000000000000	0
3.50000000000000	10
2	16
5	0
1.50000000000000	9
3.50000000000000	21
3.50000000000000	7
4	35
1.50000000000000	0
2	46
3.50000000000000	38
4.50000000000000	21
1.50000000000000	0
3.50000000000000	0
2.50000000000000	0
1.50000000000000	11
3.50000000000000	35
4	28
2	0
4	60
2.50000000000000	0
2.50000000000000	25
1.50000000000000	13
3.50000000000000	0
4	61
3	52
2.50000000000000	4
4	92
3	34
3.50000000000000	107
3.50000000000000	76
5	8
3.50000000000000	9
1	14
5	0
3.50000000000000	157
1	0
2.50000000000000	31
2	4
4	102
2.50000000000000	11
2.50000000000000	61
4	54
2.50000000000000	16
3.50000000000000	0
2.50000000000000	72
2.50000000000000	0
2.50000000000000	25
4	0
3	407
1	6
3	37
5	0
3.50000000000000	7
4	256
2.50000000000000	0
4.50000000000000	8
4	7
3.50000000000000	0
3.50000000000000	46
3	0
1.50000000000000	0
3.50000000000000	164
4	0
2	0
3	7
3	9
4	143
4.50000000000000	0
5	0
4	416
4	8
2.50000000000000	93
2.50000000000000	6
2	0
3	0
3.50000000000000	716
2.50000000000000	0
3	378
3.50000000000000	299
4	166
4	65
4	203
1	0
3.50000000000000	16
4.50000000000000	0
4	450
4	0
4	3
3	12
4.50000000000000	49
3	10
4	43
3	289
3	74
5	122
3.50000000000000	16
1.50000000000000	9
3.50000000000000	58
3.50000000000000	0
3	6
3	26
2	0
4	0
2.50000000000000	3
4	400
3	7
3	0
2.50000000000000	0
4	454
4.50000000000000	145
3.50000000000000	0
3.50000000000000	0
2.50000000000000	10
3	0
3	11
5	0
3	5
2	0
3	31
3.50000000000000	5
3.50000000000000	11
2.50000000000000	3
3	0
2.50000000000000	0
1	0
4	138
3	4
3.50000000000000	0
5	0
4	15
2	16
2.50000000000000	3
2.50000000000000	0
2.50000000000000	13
3.50000000000000	67
3.50000000000000	8
3.50000000000000	9
3	0
4	0
2.50000000000000	0
1.50000000000000	3
3	6
4.50000000000000	6
3.50000000000000	4
3.50000000000000	0
2.50000000000000	0
2.50000000000000	11
4.50000000000000	5
4	15
5	9
3.50000000000000	27
3.50000000000000	28
4	1027
3.50000000000000	58
4	21
3	0
2	229
4.50000000000000	146
4	67
2.50000000000000	14
3.50000000000000	0
4	235
3.50000000000000	32
3.50000000000000	3
4.50000000000000	13
5	4
3	25
3	80
2.50000000000000	4
5	0
3	62
3.50000000000000	7
4	36
5	0
2	4
1.50000000000000	5
4.50000000000000	13
2	7
3.50000000000000	7
3	34
2	30
2.50000000000000	14
1.50000000000000	16
3.50000000000000	5
4	6
1.50000000000000	0
5	0
1	0
2	0
3.50000000000000	58
3.50000000000000	65
4	11
4.50000000000000	29
2.50000000000000	7
3	47
3.50000000000000	15
2	0
3.50000000000000	26
3	15
4.50000000000000	74
3.50000000000000	61
4.50000000000000	23
4.50000000000000	11
2.50000000000000	7
3	28
4	0
3	78
4.50000000000000	47
1.50000000000000	0
3	0
4.50000000000000	9
2	0
1.50000000000000	0
4	71
3.50000000000000	0
4.50000000000000	275
4.50000000000000	314
3	6
4	0
3.50000000000000	21
4	0
3.50000000000000	327
3.50000000000000	53
3.50000000000000	109
5	5
1.50000000000000	57
3	35
2	33
3	105
4	208
4	281
4	23
2	6
4	0
5	28
3	0
3.50000000000000	0
4	190
4.50000000000000	91
3	36
4	95
4	29
4	47
4	0
3	0
2	0
3	171
3.50000000000000	207
3.50000000000000	202
4	36
3	37
3.50000000000000	354
2	10
1	4
2	4
3	0
3	129
2.50000000000000	105
3.50000000000000	63
3.50000000000000	5
5	13
2.50000000000000	10
4	156
3	0
5	7
3.50000000000000	104
4	67
3.50000000000000	9
3	33
4	0
2.50000000000000	27
4.50000000000000	0
3	199
3.50000000000000	98
4	26
3	41
3	170
4	49
3	9
2.50000000000000	53
3	67
4.50000000000000	0
3.50000000000000	204
5	0
2.50000000000000	22
3.50000000000000	39
2.50000000000000	17
4	0
2	42
3.50000000000000	70
3.50000000000000	95
4	70
2	9
3.50000000000000	127
3	49
4	87
5	26
2	0
2.50000000000000	12
3	10
4	0
2.50000000000000	160
3.50000000000000	150
3.50000000000000	58
2	6
3	24
1.50000000000000	87
3.50000000000000	387
4	39
3.50000000000000	205
4	129
4	88
4	0
2.50000000000000	107
3	551
4.50000000000000	0
2.50000000000000	13
3.50000000000000	21
4	10
2	143
2	56
4	199
3	39
4	51
2.50000000000000	10
3.50000000000000	42
3	57
2	28
4	11
4.50000000000000	98
2.50000000000000	61
3	29
2.50000000000000	22
3.50000000000000	70
3.50000000000000	45
2	0
4.50000000000000	0
2	5
4	231
4	222
3	152
1.50000000000000	20
4.50000000000000	36
3	71
3	160
2.50000000000000	0
3	22
4	0
4	198
2.50000000000000	127
3.50000000000000	119
4.50000000000000	5
5	0
2.50000000000000	0
3	8
4	9
4	18
2.50000000000000	23
3	10
3.50000000000000	19
2	22
3.50000000000000	294
5	0
3.50000000000000	135
5	8
4.50000000000000	11
2.50000000000000	0
3	40
3	27
4	19
3.50000000000000	34
3	0
4	234
3.50000000000000	0
2.50000000000000	44
2.50000000000000	34
3	53
5	0
3.50000000000000	8
1.50000000000000	13
4	32
3	0
3.50000000000000	17
4	7
3.50000000000000	31
2.50000000000000	0
2	0
3.50000000000000	8
3.50000000000000	7
4.50000000000000	37
2.50000000000000	70
3	8
4	6
1	0
4.50000000000000	554
4	96
3.50000000000000	45
3.50000000000000	31
3.50000000000000	63
3	3
4	186
4.50000000000000	13
4	152
4.50000000000000	79
3.50000000000000	6
4	11
3.50000000000000	0
3.50000000000000	4
3	7
4.50000000000000	21
3.50000000000000	23
4.50000000000000	28
3.50000000000000	502
3	100
3	0
3.50000000000000	0
3	6
1.50000000000000	0
3	192
4	9
3	124
4	0
3.50000000000000	43
4	769
4	604
5	22
3	38
1	0
3.50000000000000	147
3	0
4	0
4.50000000000000	0
3	207
5	0
4.50000000000000	16
3	3
3.50000000000000	26
3	0
3.50000000000000	372
4	107
3.50000000000000	10
4	22
3	0
2	0
4	51
3	405
1	0
4.50000000000000	297
4	59
4	42
4	0
4	335
3.50000000000000	231
5	0
3.50000000000000	58
4.50000000000000	0
2.50000000000000	6
4	0
4.50000000000000	0
2.50000000000000	204
3.50000000000000	388
5	4
4	5
4	34
3.50000000000000	11
3.50000000000000	1188
5	10
4.50000000000000	0
3.50000000000000	13
4	69
3.50000000000000	0
2.50000000000000	298
3.50000000000000	13
3.50000000000000	0
4	690
3.50000000000000	97
5	0
5	0
3	265
4	61
3.50000000000000	13
4	14
4.50000000000000	235
3.50000000000000	118
4	220
5	0
3.50000000000000	303
3.50000000000000	10
3	17
4	164
5	12
4	4
3.50000000000000	175
3	12
3	49
4	12
3.50000000000000	508
3	9
3.50000000000000	386
2.50000000000000	0
4	608
3.50000000000000	168
3.50000000000000	34
4.50000000000000	10
3	34
5	0
3.50000000000000	0
3.50000000000000	11
3.50000000000000	0
3	89
2.50000000000000	0
4	219
3.50000000000000	693
3.50000000000000	357
4	0
2.50000000000000	0
4	7
3.50000000000000	23
3	4
3	0
4	22
3.50000000000000	19
3	211
3	81
5	25
3	198
4	5
4	79
3	11
4	27
3.50000000000000	85
4	89
2	52
3.50000000000000	0
2.50000000000000	56
2.50000000000000	0
4.50000000000000	26
5	0
4	8
3.50000000000000	111
3.50000000000000	0
3.50000000000000	3
4.50000000000000	36
4	0
4	0
4	1533
4	0
3	11
4	173
4	18
3	0
3.50000000000000	56
3.50000000000000	205
4.50000000000000	6
3.50000000000000	86
4.50000000000000	0
4.50000000000000	0
3.50000000000000	74
4	24
4.50000000000000	1244
2.50000000000000	3
4.50000000000000	11
4.50000000000000	6
2.50000000000000	139
3	0
4.50000000000000	67
3	0
3	4
4	0
4.50000000000000	263
5	34
3.50000000000000	34
4.50000000000000	38
4	751
4	0
5	0
5	0
4	5
1.50000000000000	0
4.50000000000000	16
3	7
3.50000000000000	322
3.50000000000000	23
1	0
3.50000000000000	0
3	0
2.50000000000000	25
4	336
4.50000000000000	976
5	0
2.50000000000000	17
3	301
4.50000000000000	7
2.50000000000000	12
4	0
3.50000000000000	966
4.50000000000000	0
4	682
3.50000000000000	98
4	206
4	0
4	10
4.50000000000000	3
2.50000000000000	36
2.50000000000000	25
5	40
4.50000000000000	0
3	24
5	0
4.50000000000000	6
3	145
4	92
2	38
2.50000000000000	128
2	5
3.50000000000000	590
1.50000000000000	3
4.50000000000000	11
3.50000000000000	0
3	11
5	0
5	0
4.50000000000000	20
3.50000000000000	3
4.50000000000000	9
2	34
4	50
1.50000000000000	0
4	21
4.50000000000000	6
4	0
4.50000000000000	439
3	4
3	0
2.50000000000000	3
4	251
5	0
1.50000000000000	5
4	94
3	22
3.50000000000000	5
4	3
4	11
4	0
2.50000000000000	0
2	20
4	65
1	0
3	16
4	181
3.50000000000000	0
1.50000000000000	13
3.50000000000000	33
4	282
4	4
3.50000000000000	239
4	4
4.50000000000000	0
4.50000000000000	7
3.50000000000000	19
3.50000000000000	47
4	160
2	0
3.50000000000000	9
5	5
3.50000000000000	61
3.50000000000000	65
4	0
2.50000000000000	15
1.50000000000000	0
5	0
4	103
3.50000000000000	32
4	0
3.50000000000000	32
2	0
4.50000000000000	133
5	17
4.50000000000000	111
3.50000000000000	116
4	0
3	10
2.50000000000000	0
4.50000000000000	13
3	20
4	50
3	0
4.50000000000000	34
1.50000000000000	22
3.50000000000000	27
4	3
5	0
4.50000000000000	9
3.50000000000000	37
5	39
3.50000000000000	106
4	445
4.50000000000000	9
2.50000000000000	0
4.50000000000000	4
3	5
3.50000000000000	317
4	6
4.50000000000000	20
3	35
4	22
3.50000000000000	13
4	0
3.50000000000000	11
4.50000000000000	166
3	283
4.50000000000000	0
4	488
3	35
2.50000000000000	12
4.50000000000000	13
2.50000000000000	35
3	33
4.50000000000000	24
5	4
3.50000000000000	13
3.50000000000000	168
2	11
2.50000000000000	65
4	118
4	6
3.50000000000000	37
2.50000000000000	5
4.50000000000000	5
4	47
3	9
2.50000000000000	8
4	17
4	715
3	60
3.50000000000000	0
3	0
4	0
3.50000000000000	120
3	0
3	28
4	0
4	134
4.50000000000000	7
5	0
3.50000000000000	65
2.50000000000000	491
3.50000000000000	9
3.50000000000000	0
3.50000000000000	49
1.50000000000000	35
3.50000000000000	206
3	52
4	306
3	176
2	23
3.50000000000000	86
5	7
3.50000000000000	0
4	18
3.50000000000000	345
4	292
3.50000000000000	29
3.50000000000000	5
3.50000000000000	315
4.50000000000000	44
3.50000000000000	68
2.50000000000000	41
4	65
3.50000000000000	35
5	9
4	12
5	26
4	296
4	6
5	0
1	0
3.50000000000000	12
3.50000000000000	45
3.50000000000000	11
4.50000000000000	3
4.50000000000000	5
4	189
3	0
3.50000000000000	0
4	273
4.50000000000000	0
4.50000000000000	41
4	77
3.50000000000000	525
4	265
1	0
4.50000000000000	17
4	15
4	8
2.50000000000000	17
2	45
3.50000000000000	34
4	59
4	820
3.50000000000000	90
4	22
3	4
3.50000000000000	0
4.50000000000000	0
3.50000000000000	234
5	19
2.50000000000000	6
4	0
4	2874
3.50000000000000	3
4.50000000000000	42
3.50000000000000	40
4.50000000000000	282
2.50000000000000	6
2	0
4.50000000000000	8
5	0
4.50000000000000	17
3.50000000000000	178
4	0
5	0
4.50000000000000	0
2.50000000000000	26
3	38
3	65
4.50000000000000	7
4.50000000000000	238
3.50000000000000	7
3.50000000000000	264
4	40
2.50000000000000	0
3.50000000000000	51
2.50000000000000	0
3.50000000000000	93
2.50000000000000	0
3	37
4	14
2	7
4	3
2.50000000000000	124
4	426
3.50000000000000	73
2	7
2.50000000000000	6
3.50000000000000	0
2.50000000000000	0
3.50000000000000	58
2.50000000000000	25
3.50000000000000	78
2.50000000000000	41
2	13
3	33
3.50000000000000	224
3.50000000000000	0
2	0
4	0
4	0
4.50000000000000	19
2.50000000000000	15
3	4
3.50000000000000	0
4.50000000000000	26
3	7
4	14
4.50000000000000	43
3.50000000000000	142
2.50000000000000	0
3.50000000000000	85
3.50000000000000	47
1.50000000000000	51
1	0
3.50000000000000	31
3	0
3	57
3	13
5	20
4	230
3.50000000000000	152
2.50000000000000	15
3	10
2.50000000000000	13
4	14
2	0
4	54
4.50000000000000	0
2.50000000000000	20
4	24
3	8
4	11
2.50000000000000	99
3	190
2	0
3	19
3	13
3	99
2	27
3	104
3.50000000000000	16
3	60
3.50000000000000	0
2.50000000000000	28
4	36
3.50000000000000	75
3.50000000000000	0
2.50000000000000	13
4	144
4	28
2	47
3.50000000000000	64
3.50000000000000	0
4	7
3.50000000000000	3
1	0
4.50000000000000	0
4	0
3.50000000000000	78
3.50000000000000	15
4	0
3.50000000000000	70
3.50000000000000	8
3.50000000000000	36
4.50000000000000	28
2.50000000000000	113
2	0
3	0
4	0
4	17
3.50000000000000	20
3	271
2.50000000000000	7
2	7
1	0
3	0
3.50000000000000	4
3	15
3.50000000000000	8
1.50000000000000	7
4	0
2	13
3.50000000000000	19
2	32
1	0
3	280
1.50000000000000	5
3	38
2	49
2.50000000000000	20
3	35
4	1299
2	6
4	0
4	115
4	0
4	35
1.50000000000000	51
4	0
4	0
4.50000000000000	5
3.50000000000000	22
3.50000000000000	0
3.50000000000000	38
3	23
3.50000000000000	64
3	141
1.50000000000000	0
4	36
5	0
3.50000000000000	106
3.50000000000000	18
3	120
3	24
3.50000000000000	12
4.50000000000000	0
3	58
1.50000000000000	0
3	0
4.50000000000000	21
4	31
2	24
3	4
3	37
2	34
2.50000000000000	37
4.50000000000000	16
2.50000000000000	61
5	0
3	24
4.50000000000000	6
2.50000000000000	9
3	34
3	0
2	13
2.50000000000000	8
3	0
3	96
2.50000000000000	21
2.50000000000000	0
4	0
3.50000000000000	18
4	373
3	25
2	0
3	10
2	11
3	71
5	0
3.50000000000000	74
2.50000000000000	45
4	149
3	20
3.50000000000000	52
2.50000000000000	14
2	8
4.50000000000000	28
4	93
2.50000000000000	123
3	42
4	0
4	26
3.50000000000000	13
4.50000000000000	4
5	6
4	36
3.50000000000000	0
2.50000000000000	21
4	118
3	27
3	0
4	13
2.50000000000000	10
3	105
3.50000000000000	161
3.50000000000000	78
2.50000000000000	5
4	572
3	52
2.50000000000000	31
4	194
4.50000000000000	3
4.50000000000000	0
4	199
3.50000000000000	18
4.50000000000000	0
3.50000000000000	6
4	89
3.50000000000000	0
3.50000000000000	253
2.50000000000000	3
2	7
4	115
3.50000000000000	189
4.50000000000000	0
3	13
3.50000000000000	152
4	18
2	0
1.50000000000000	0
3.50000000000000	0
3.50000000000000	0
4	1323
3.50000000000000	32
2.50000000000000	4
3.50000000000000	14
4.50000000000000	29
2.50000000000000	41
4.50000000000000	22
2	4
2.50000000000000	13
4	179
4	42
3.50000000000000	70
4.50000000000000	15
4	12
3.50000000000000	22
2	0
4.50000000000000	9
3.50000000000000	15
3.50000000000000	35
4.50000000000000	53
3	34
2.50000000000000	17
2.50000000000000	0
4	8
1.50000000000000	3
1	0
3	0
3	40
3	8
4	0
2.50000000000000	8
3.50000000000000	24
2	0
4	170
4	18
5	3
3.50000000000000	0
1.50000000000000	15
2	121
2	34
3	47
3	0
3	6
2.50000000000000	40
3.50000000000000	33
4.50000000000000	123
2.50000000000000	30
1.50000000000000	26
4	0
2.50000000000000	321
1.50000000000000	11
4	5
4	36
1	21
1.50000000000000	0
4	7
4.50000000000000	3
2	10
3	86
3	20
1	25
3	13
3	46
3.50000000000000	19
3.50000000000000	21
4.50000000000000	7
3.50000000000000	0
5	0
1.50000000000000	0
5	11
4.50000000000000	0
1.50000000000000	3
3	34
3	95
3	47
1	0
3.50000000000000	12
2.50000000000000	19
4	21
4	220
1	0
2.50000000000000	24
5	7
3.50000000000000	0
1.50000000000000	79
3.50000000000000	111
4	72
3.50000000000000	63
3.50000000000000	228
4	18
4.50000000000000	202
4	24
3.50000000000000	32
5	0
3	3
4.50000000000000	0
3	131
3.50000000000000	197
4	234
3.50000000000000	49
2	5
4.50000000000000	0
4	51
3.50000000000000	26
1.50000000000000	0
2	573
3.50000000000000	35
2.50000000000000	65
2.50000000000000	27
4	0
5	0
2	14
3.50000000000000	120
3	217
4	176
2	3
3	65
1.50000000000000	45
4	43
3	396
3	0
5	0
2.50000000000000	121
3.50000000000000	13
2.50000000000000	92
2.50000000000000	7
2.50000000000000	31
3	7
3.50000000000000	13
3.50000000000000	3
3.50000000000000	15
3	4
2.50000000000000	151
3	30
4	7
3.50000000000000	15
2.50000000000000	100
2	6
3	92
4.50000000000000	20
2.50000000000000	11
3	46
3.50000000000000	35
4.50000000000000	8
2	3
4.50000000000000	0
3	90
2.50000000000000	62
2.50000000000000	52
3.50000000000000	477
4	27
4	258
5	23
3	22
3	121
4	12
4	90
4	6
3	18
3.50000000000000	343
2.50000000000000	5
3	5
3.50000000000000	44
3	8
5	0
5	39
3	3
2.50000000000000	0
2	49
3.50000000000000	70
2.50000000000000	16
2.50000000000000	9
5	0
3	14
4	94
4.50000000000000	0
2	7
4	152
2	10
2.50000000000000	0
3	0
3	73
4.50000000000000	42
3.50000000000000	43
4.50000000000000	26
4	11
3.50000000000000	0
3	86
4	18
3.50000000000000	600
4	140
4.50000000000000	12
4	149
3.50000000000000	0
4.50000000000000	50
2	0
3	66
3	41
3	100
3	0
3.50000000000000	228
3.50000000000000	28
2	5
4	8
4	0
3	53
3	6
4	38
5	9
3	0
3.50000000000000	0
4	276
5	0
4	293
3	18
3	41
4	626
3	4
4	12
3.50000000000000	87
2	26
3.50000000000000	41
3	196
2.50000000000000	284
4	9
2.50000000000000	122
4	70
2.50000000000000	32
3.50000000000000	18
2.50000000000000	4
4	68
1.50000000000000	3
4	82
3	39
2.50000000000000	0
3	0
2	192
3.50000000000000	5
4	476
3	230
4	393
3.50000000000000	1252
4.50000000000000	0
3	230
3	266
4	75
3.50000000000000	27
4.50000000000000	19
3.50000000000000	212
3.50000000000000	416
4	56
4	415
3.50000000000000	0
3	46
4	545
4.50000000000000	0
4.50000000000000	214
3.50000000000000	240
3	59
3	101
3.50000000000000	726
4	463
4	0
2.50000000000000	48
4	114
3.50000000000000	0
3.50000000000000	76
3.50000000000000	107
3.50000000000000	176
3	94
2.50000000000000	0
3.50000000000000	41
2.50000000000000	27
3	265
3	0
3.50000000000000	3
4	472
3	143
4	341
4	105
4.50000000000000	89
4	426
4	17
3.50000000000000	552
3.50000000000000	392
4	77
3.50000000000000	17
4.50000000000000	99
3	145
3.50000000000000	341
4	196
2.50000000000000	259
4	674
3.50000000000000	671
3.50000000000000	82
4.50000000000000	305
4	226
4	28
2.50000000000000	0
3.50000000000000	0
4	287
2.50000000000000	8
3.50000000000000	149
4	362
4.50000000000000	0
4	273
2.50000000000000	0
3	3
4	122
4	398
2.50000000000000	9
3	38
3.50000000000000	48
2	108
3.50000000000000	191
3.50000000000000	238
4	109
3	0
4	29
3.50000000000000	52
4	61
2	9
4.50000000000000	17
3	6
3	498
2.50000000000000	79
3.50000000000000	338
5	0
4	926
4	703
3.50000000000000	128
4	142
4	7
3.50000000000000	25
2	45
3.50000000000000	886
2.50000000000000	0
3.50000000000000	257
3	9
1	12
3.50000000000000	11
4.50000000000000	223
3	424
3.50000000000000	479
4	441
4.50000000000000	3
3	5
4.50000000000000	317
3	0
4	48
4.50000000000000	0
4	175
2.50000000000000	12
4	555
4	0
2.50000000000000	71
3.50000000000000	13
4	175
3.50000000000000	114
4.50000000000000	46
1.50000000000000	0
4	157
3.50000000000000	117
4	304
4.50000000000000	1102
4	144
2.50000000000000	188
3.50000000000000	286
4.50000000000000	492
3	184
3.50000000000000	111
3.50000000000000	105
3	103
3.50000000000000	158
3.50000000000000	126
4	169
3.50000000000000	0
4	116
3.50000000000000	5
4	64
3.50000000000000	109
3.50000000000000	2147
4	89
3.50000000000000	58
3.50000000000000	440
4.50000000000000	1015
3.50000000000000	807
4	0
4	13
3.50000000000000	9
3.50000000000000	621
2.50000000000000	173
4	175
3.50000000000000	0
3	0
3	251
4	124
3.50000000000000	380
4	221
4	911
4.50000000000000	0
3.50000000000000	0
3.50000000000000	353
4	93
4	207
4	65
3.50000000000000	27
2	95
3.50000000000000	332
3.50000000000000	890
3	138
3.50000000000000	513
4.50000000000000	11
2.50000000000000	0
2.50000000000000	0
4	235
3.50000000000000	42
4	494
4	121
5	76
3.50000000000000	165
3.50000000000000	3
3.50000000000000	195
3.50000000000000	97
3.50000000000000	22
3	91
5	0
3.50000000000000	0
4	57
2.50000000000000	0
2.50000000000000	8
2.50000000000000	147
2	39
2.50000000000000	74
4.50000000000000	15
4	130
4.50000000000000	832
3.50000000000000	5
4	37
4.50000000000000	154
4	101
2	199
5	75
4	74
4	42
4.50000000000000	74
4	483
3	17
4	660
3.50000000000000	57
3	316
3.50000000000000	6
3	195
3.50000000000000	0
3.50000000000000	156
2	57
3.50000000000000	0
2	0
4	335
3	5
3.50000000000000	51
4	215
3.50000000000000	4
2.50000000000000	6
3	0
4.50000000000000	169
4	324
5	0
2.50000000000000	17
2.50000000000000	236
4	2903
3	18
4	251
3.50000000000000	59
3.50000000000000	3
4	36
4	222
4	581
2	399
3.50000000000000	76
4.50000000000000	63
4	1120
4.50000000000000	317
3	107
3.50000000000000	48
3.50000000000000	0
4	51
3.50000000000000	81
4.50000000000000	63
2.50000000000000	18
4	22
3.50000000000000	142
4	165
4	177
5	11
4	614
3.50000000000000	25
4.50000000000000	60
3.50000000000000	71
4	498
3	302
2.50000000000000	0
4	21
3	0
4	9
3.50000000000000	826
4	199
2.50000000000000	0
3	0
4.50000000000000	9
4	11
3.50000000000000	21
3.50000000000000	123
3	0
3.50000000000000	160
3	0
2.50000000000000	716
3	43
4	0
3	383
5	12
4	87
4	21
3.50000000000000	0
3	213
3	527
3	464
3.50000000000000	35
2.50000000000000	147
4	378
3	37
3	144
3.50000000000000	0
4	17
3	0
4	16
2.50000000000000	26
4	69
3.50000000000000	54
3.50000000000000	269
3	13
2	110
3.50000000000000	158
4	0
2.50000000000000	201
3.50000000000000	0
4	22
2	0
4	22
4	52
4.50000000000000	38
3.50000000000000	292
4	367
4	5
3.50000000000000	618
4	59
4	10
3	0
4.50000000000000	188
3	0
4.50000000000000	58
3.50000000000000	120
3.50000000000000	54
4	0
4.50000000000000	85
2	79
4	109
3	7
3.50000000000000	267
3	58
3	10
3.50000000000000	43
4.50000000000000	14
4	319
3.50000000000000	31
4	14
4.50000000000000	4
4.50000000000000	0
3.50000000000000	13
3.50000000000000	1177
3.50000000000000	92
3	6
4	14
4	188
2.50000000000000	0
4	537
3.50000000000000	0
3.50000000000000	4
4.50000000000000	3
3	38
4	147
3	114
3	74
3	0
4	5
4.50000000000000	156
3	179
3.50000000000000	249
2.50000000000000	0
3.50000000000000	96
4	295
3.50000000000000	0
4.50000000000000	278
3.50000000000000	23
4	68
4.50000000000000	124
4	113
3.50000000000000	8
2.50000000000000	12
3.50000000000000	0
5	0
3.50000000000000	18
3.50000000000000	49
4	473
3	35
3	167
4.50000000000000	49
1.50000000000000	739
3	0
3	87
4	32
3.50000000000000	16
4	3
3.50000000000000	0
3.50000000000000	822
4.50000000000000	0
3	39
4	19
4.50000000000000	235
3.50000000000000	92
3	318
2.50000000000000	6
3.50000000000000	35
3.50000000000000	166
2.50000000000000	396
4	322
4	0
3.50000000000000	0
4.50000000000000	37
3.50000000000000	282
3.50000000000000	253
4.50000000000000	94
4	110
4	0
3.50000000000000	206
3.50000000000000	186
3	0
3.50000000000000	73
3.50000000000000	85
3	0
3	305
3.50000000000000	29
1.50000000000000	0
4	0
4	99
4.50000000000000	10
4	99
3.50000000000000	130
3.50000000000000	225
3	196
3	0
3.50000000000000	0
4.50000000000000	3
3.50000000000000	106
4	10
4	201
3.50000000000000	23
3.50000000000000	0
3.50000000000000	9
4	89
4	227
3.50000000000000	21
4.50000000000000	4
3.50000000000000	1399
3.50000000000000	0
3	3
4	102
3.50000000000000	371
3.50000000000000	118
4	3
3.50000000000000	0
4.50000000000000	18
3.50000000000000	0
2.50000000000000	24
5	10
4	15
2	22
4	216
3.50000000000000	225
3	244
5	0
4.50000000000000	366
4	280
3	5
3	162
3.50000000000000	751
4.50000000000000	173
3.50000000000000	171
3	128
4	8
2.50000000000000	57
3.50000000000000	10
3	164
3	220
3.50000000000000	11
4	0
4.50000000000000	260
4	20
4	108
4.50000000000000	5
4	170
4.50000000000000	95
3	3
3	0
3.50000000000000	59
2.50000000000000	4
3.50000000000000	303
4	14
3.50000000000000	85
3	0
4.50000000000000	39
2	25
4	275
3	77
4	23
4.50000000000000	1341
4	272
4.50000000000000	3
3.50000000000000	18
1.50000000000000	0
4	6
4.50000000000000	0
3.50000000000000	43
3.50000000000000	30
3	59
3.50000000000000	253
3.50000000000000	58
5	0
4	46
4	1301
5	59
3.50000000000000	368
3.50000000000000	125
2	0
3.50000000000000	0
2.50000000000000	139
5	0
3.50000000000000	157
3	239
4	132
5	27
3.50000000000000	294
2	103
3	20
4	104
4	213
4	38
3.50000000000000	68
3.50000000000000	78
2	268
3	68
4	5
3	839
4.50000000000000	92
4	81
3.50000000000000	27
3	0
2.50000000000000	174
4	179
4	89
4	269
3	62
3.50000000000000	172
3	114
2.50000000000000	71
3	10
4	177
4	100
4	791
4.50000000000000	0
4.50000000000000	5
3.50000000000000	35
3	174
4	33
4	17
3	21
4.50000000000000	5
3.50000000000000	94
3.50000000000000	114
3.50000000000000	0
1.50000000000000	0
3	224
3.50000000000000	39
3.50000000000000	125
3.50000000000000	169
2.50000000000000	110
3.50000000000000	0
2	78
4	0
3	7
4.50000000000000	51
4	0
3	96
4	216
3	403
3.50000000000000	38
4	40
4	556
2.50000000000000	12
5	135
3.50000000000000	14
3.50000000000000	195
4	33
5	7
3.50000000000000	0
3.50000000000000	6
3.50000000000000	0
3.50000000000000	89
4.50000000000000	37
3.50000000000000	0
4	90
2.50000000000000	0
3.50000000000000	761
3.50000000000000	0
3.50000000000000	435
5	0
4.50000000000000	18
3.50000000000000	4
5	0
3.50000000000000	40
4	317
4.50000000000000	129
5	20
3.50000000000000	0
3.50000000000000	276
3	130
2	11
4.50000000000000	23
2	7
3.50000000000000	18
3	4
3	57
3.50000000000000	172
3.50000000000000	38
3.50000000000000	8
3	350
4	185
4	0
4	118
3	42
4	166
3.50000000000000	0
2.50000000000000	21
3.50000000000000	15
3.50000000000000	71
3.50000000000000	19
4	23
4	8
3	0
4	4
5	39
4	8
4	27
3.50000000000000	4
4	78
4	64
3	502
4	51
4.50000000000000	6
3.50000000000000	180
3.50000000000000	92
3.50000000000000	6
4	381
3.50000000000000	548
4.50000000000000	0
3.50000000000000	36
3.50000000000000	9
2.50000000000000	18
2.50000000000000	18
4	21
3.50000000000000	0
3.50000000000000	29
4	10
4.50000000000000	64
2	4
3	346
3.50000000000000	39
2.50000000000000	16
3	330
3.50000000000000	30
3	9
3.50000000000000	59
3.50000000000000	8
3	4
3.50000000000000	83
4	147
3	108
3.50000000000000	79
2.50000000000000	114
3	90
2	0
3	0
3	212
3.50000000000000	0
4	24
4.50000000000000	29
3.50000000000000	5
3	195
4	168
3.50000000000000	148
2.50000000000000	10
3.50000000000000	85
4.50000000000000	16
3.50000000000000	167
2.50000000000000	0
3	189
4	130
2.50000000000000	49
4	7
3.50000000000000	14
3	707
4.50000000000000	74
4	20
3	40
3.50000000000000	469
4	500
5	0
2.50000000000000	65
4.50000000000000	330
3.50000000000000	1836
3	179
2.50000000000000	3
5	17
3.50000000000000	337
3.50000000000000	61
4	298
3	12
4	48
3	114
1.50000000000000	24
3.50000000000000	3
3.50000000000000	0
2	0
3.50000000000000	170
3	401
3.50000000000000	62
3.50000000000000	690
4.50000000000000	14
5	4
3.50000000000000	220
3.50000000000000	741
3.50000000000000	399
2.50000000000000	4
3	25
3.50000000000000	981
4.50000000000000	0
1	0
3.50000000000000	19
5	11
4	9
4	18
4.50000000000000	122
3	0
3	8
2.50000000000000	0
4.50000000000000	998
3.50000000000000	274
4	538
4.50000000000000	511
4	27
3	157
4	174
4.50000000000000	286
3.50000000000000	5
4	206
4	0
4	1188
3.50000000000000	228
3.50000000000000	75
3	324
3.50000000000000	169
3.50000000000000	283
3.50000000000000	35
4.50000000000000	39
3	683
4.50000000000000	17
4.50000000000000	0
3.50000000000000	95
4.50000000000000	0
3.50000000000000	193
2	101
3.50000000000000	5
4	321
3.50000000000000	123
4.50000000000000	15
3.50000000000000	244
2.50000000000000	0
3.50000000000000	8
4.50000000000000	190
4	77
4.50000000000000	0
2.50000000000000	202
3.50000000000000	568
4	43
4	36
5	10
3	55
3	13
3	7
3	0
3.50000000000000	0
4.50000000000000	0
4	441
3	45
3.50000000000000	178
3	94
2.50000000000000	18
4.50000000000000	1323
3.50000000000000	68
4	68
3	521
3	147
2.50000000000000	82
3	206
4.50000000000000	23
4.50000000000000	12
4	147
2.50000000000000	115
3.50000000000000	125
4	142
4	8
4	64
3	0
4	37
3	127
4	609
3	31
2	52
4.50000000000000	21
3.50000000000000	64
2.50000000000000	0
4.50000000000000	0
4	8
5	4
4	68
4.50000000000000	4
3.50000000000000	89
4.50000000000000	0
3	201
1.50000000000000	0
3	5
4	0
4	56
3	99
4.50000000000000	19
4	91
4	13
3.50000000000000	121
3.50000000000000	123
3	648
4.50000000000000	8
4	144
2.50000000000000	0
4	768
2.50000000000000	12
4.50000000000000	0
3.50000000000000	141
4.50000000000000	6
4	19
4	21
4.50000000000000	1225
2.50000000000000	71
4	92
3.50000000000000	31
4	453
4	203
4	831
3	485
3.50000000000000	77
4.50000000000000	22
4	33
2.50000000000000	143
4	630
3	0
3	0
4	151
3.50000000000000	173
2.50000000000000	0
4.50000000000000	0
3	53
4.50000000000000	3
4.50000000000000	446
2	0
3	0
2.50000000000000	0
4	36
1	0
3	10
4.50000000000000	37
3	52
4	66
3	42
3.50000000000000	850
4.50000000000000	16
3.50000000000000	34
2.50000000000000	0
3.50000000000000	550
5	0
3.50000000000000	0
5	13
4.50000000000000	21
3.50000000000000	0
4	54
2.50000000000000	24
3	52
4	252
4	81
4	141
3.50000000000000	160
3.50000000000000	199
2	30
4	40
4	205
3	5
3	9
4.50000000000000	0
3.50000000000000	7
4.50000000000000	11
3.50000000000000	137
4	36
4	404
4	5
2	6
2	23
4.50000000000000	16
3.50000000000000	0
4.50000000000000	8
3.50000000000000	52
4	48
3.50000000000000	173
3.50000000000000	129
3.50000000000000	54
4	133
4.50000000000000	19
3.50000000000000	425
2.50000000000000	37
3.50000000000000	71
3	12
1	0
4	36
3	406
2	16
1.50000000000000	12
4	25
1	3
2	25
2	0
2.50000000000000	13
2.50000000000000	0
4.50000000000000	0
2	96
2	0
5	112
2.50000000000000	0
4	4
3.50000000000000	7
4.50000000000000	20
4	176
2	0
4	4
1.50000000000000	14
3	7
4.50000000000000	46
2.50000000000000	88
5	0
4.50000000000000	4
5	3
4	152
4.50000000000000	44
5	0
1	0
2	18
1.50000000000000	0
3.50000000000000	71
3.50000000000000	37
3.50000000000000	146
2.50000000000000	29
4	100
4.50000000000000	18
1	3
3.50000000000000	11
2.50000000000000	58
4.50000000000000	0
2	12
2.50000000000000	0
4	64
2.50000000000000	7
4.50000000000000	10
2.50000000000000	5
2.50000000000000	0
4.50000000000000	10
3	14
3.50000000000000	56
2.50000000000000	44
5	0
4	20
3.50000000000000	0
4.50000000000000	5
4	89
2.50000000000000	7
5	10
3.50000000000000	21
3.50000000000000	19
3	10
3.50000000000000	0
5	5
3	12
4.50000000000000	15
3.50000000000000	77
3	11
4.50000000000000	22
2.50000000000000	8
3.50000000000000	3
3	40
3.50000000000000	10
3.50000000000000	0
3.50000000000000	93
3.50000000000000	0
3.50000000000000	139
4	17
1.50000000000000	0
3.50000000000000	44
4	3
2	16
2.50000000000000	0
4.50000000000000	7
4	0
3.50000000000000	13
5	0
4	0
3.50000000000000	25
3	28
3	7
5	0
3.50000000000000	13
5	5
2	61
4	34
3.50000000000000	9
3.50000000000000	7
3.50000000000000	43
4.50000000000000	33
4	0
2	16
4	17
3.50000000000000	0
4	50
5	15
5	4
4	23
2	18
4.50000000000000	28
4	7
2.50000000000000	0
1.50000000000000	0
3.50000000000000	55
4	14
5	5
5	6
4	197
2	52
4.50000000000000	86
4.50000000000000	13
3	21
3.50000000000000	4
3	35
3.50000000000000	0
4.50000000000000	0
3	4
4	55
3	17
4.50000000000000	188
3.50000000000000	17
3	36
4.50000000000000	4
3.50000000000000	7
3.50000000000000	31
1.50000000000000	44
3.50000000000000	19
4	7
2.50000000000000	53
4	371
5	17
2.50000000000000	5
4	6
5	17
3	29
4.50000000000000	5
5	3
2.50000000000000	0
3.50000000000000	3
4.50000000000000	23
4	0
4	81
2	8
4	54
5	60
4	0
4.50000000000000	62
4	157
4	12
3	52
2.50000000000000	19
2	11
2.50000000000000	114
2.50000000000000	56
3	138
2	86
2.50000000000000	0
3.50000000000000	402
3	0
5	4
3.50000000000000	12
4	28
3.50000000000000	0
3.50000000000000	137
1	0
1.50000000000000	17
2	6
4.50000000000000	28
5	4
4.50000000000000	77
4	127
3	3
4.50000000000000	0
3	15
1.50000000000000	20
5	0
1	7
5	8
2.50000000000000	8
3.50000000000000	0
1.50000000000000	0
3.50000000000000	0
4.50000000000000	4
3.50000000000000	78
2.50000000000000	0
3	12
5	0
2	4
3.50000000000000	162
3.50000000000000	0
5	11
4	27
4	9
2.50000000000000	0
1.50000000000000	46
3	5
3.50000000000000	5
1.50000000000000	0
3.50000000000000	20
4.50000000000000	65
3	87
4	21
3.50000000000000	0
5	6
3.50000000000000	0
3	84
3	518
1.50000000000000	3
1.50000000000000	0
2	0
2	57
2.50000000000000	11
2.50000000000000	8
2.50000000000000	4
4.50000000000000	0
3	54
1	0
3.50000000000000	36
5	0
4	14
4.50000000000000	13
3.50000000000000	68
3.50000000000000	29
5	0
3.50000000000000	158
4	12
3.50000000000000	32
2.50000000000000	137
3.50000000000000	45
3.50000000000000	13
2.50000000000000	0
2.50000000000000	0
2.50000000000000	0
3	0
4.50000000000000	4
4	62
3.50000000000000	10
3.50000000000000	11
2.50000000000000	18
3.50000000000000	19
4	6
2	3
2	3
2.50000000000000	39
4.50000000000000	6
2	24
4.50000000000000	7
4	18
5	36
3	6
3.50000000000000	111
3.50000000000000	7
4.50000000000000	48
3.50000000000000	47
4	109
2.50000000000000	50
2	15
3	115
4.50000000000000	69
3.50000000000000	12
4	32
4.50000000000000	20
2.50000000000000	19
5	15
3.50000000000000	12
2.50000000000000	0
1	0
4.50000000000000	0
2.50000000000000	9
4	11
2.50000000000000	6
1.50000000000000	5
3.50000000000000	33
2.50000000000000	182
4	42
4	17
2	0
3	4
3	3
2.50000000000000	74
4	50
5	12
3.50000000000000	28
3.50000000000000	0
4	11
3.50000000000000	38
5	19
3.50000000000000	71
4	0
4.50000000000000	0
3.50000000000000	0
5	34
3.50000000000000	52
2	25
3.50000000000000	0
2.50000000000000	62
4.50000000000000	484
4	53
4	59
2.50000000000000	0
4	0
3.50000000000000	26
3	6
4	8
2.50000000000000	17
2	36
4	54
4.50000000000000	7
3.50000000000000	4
3.50000000000000	155
2.50000000000000	126
2.50000000000000	28
3.50000000000000	0
3.50000000000000	6
3	21
4	0
2.50000000000000	39
2.50000000000000	63
2.50000000000000	74
3	34
4.50000000000000	72
3	74
3	13
4	19
1.50000000000000	0
3.50000000000000	17
3	0
3	29
2.50000000000000	20
2	21
4	111
4	8
1.50000000000000	7
1.50000000000000	46
2.50000000000000	11
4	6
3	0
4	50
2.50000000000000	0
4.50000000000000	19
2.50000000000000	125
5	0
5	15
5	0
3.50000000000000	62
3.50000000000000	0
4	17
4.50000000000000	0
2.50000000000000	11
4	38
2	53
3.50000000000000	149
3.50000000000000	8
4	0
2	9
4	96
4	0
3	93
3	0
3.50000000000000	3
4.50000000000000	0
2	7
2.50000000000000	13
4	45
3	5
5	0
5	0
3.50000000000000	342
5	23
4.50000000000000	17
3	93
3	25
3.50000000000000	247
3	0
4.50000000000000	36
2.50000000000000	140
3.50000000000000	10
3	65
2.50000000000000	51
3.50000000000000	251
4	184
3.50000000000000	29
3.50000000000000	23
3.50000000000000	18
4.50000000000000	23
2.50000000000000	229
4	3
2.50000000000000	9
4	30
5	0
3.50000000000000	14
2.50000000000000	10
5	0
3.50000000000000	65
3.50000000000000	17
2.50000000000000	55
2	50
3.50000000000000	83
2.50000000000000	50
4	15
2.50000000000000	47
4.50000000000000	11
3	0
3.50000000000000	67
2.50000000000000	7
2.50000000000000	10
3.50000000000000	18
4	135
4.50000000000000	32
4	5
4	12
4	11
4	46
4	3
3.50000000000000	43
4.50000000000000	24
1.50000000000000	0
3.50000000000000	31
4.50000000000000	0
2	11
4	16
1.50000000000000	88
3	30
4.50000000000000	67
2.50000000000000	0
3.50000000000000	10
2	12
4	35
3	113
1	0
3.50000000000000	91
1.50000000000000	4
4.50000000000000	38
5	15
4.50000000000000	3
2.50000000000000	0
4	21
2	0
4	22
2	0
4	42
2	35
5	0
3	0
4	4
2.50000000000000	13
1.50000000000000	0
2.50000000000000	12
2.50000000000000	0
3.50000000000000	10
3.50000000000000	49
4	5
2	0
4	29
2.50000000000000	116
2.50000000000000	122
4	0
2.50000000000000	69
4.50000000000000	0
3.50000000000000	134
3.50000000000000	4
2.50000000000000	414
3.50000000000000	49
3	8
4	13
4.50000000000000	0
2.50000000000000	36
4	22
3.50000000000000	46
3.50000000000000	48
5	35
3.50000000000000	12
2	24
3	64
4	6
4	122
2.50000000000000	14
4	24
3	6
4	398
1.50000000000000	19
2.50000000000000	9
4	3
3	30
3.50000000000000	13
2	8
3.50000000000000	0
3	10
2.50000000000000	5
3	0
2	4
4.50000000000000	0
3	0
3.50000000000000	126
4.50000000000000	78
3.50000000000000	15
3.50000000000000	104
2.50000000000000	0
4	5
3.50000000000000	37
3	22
3.50000000000000	54
4.50000000000000	8
4	51
4.50000000000000	57
4.50000000000000	40
4	106
4	4
3	0
3	7
2.50000000000000	132
2	0
3	9
3	8
3	43
3	41
4	10
4	57
3.50000000000000	9
4.50000000000000	44
4	280
4	10
5	16
3	5
5	0
3	58
4.50000000000000	0
1	0
2	0
3	279
3.50000000000000	10
2.50000000000000	14
2.50000000000000	5
3.50000000000000	0
4.50000000000000	0
2.50000000000000	58
4	65
5	6
2.50000000000000	8
3.50000000000000	20
3.50000000000000	0
1	5
4	218
3.50000000000000	4
4	5
5	13
3	5
4.50000000000000	301
3.50000000000000	18
3.50000000000000	49
4.50000000000000	4
1	0
5	69
2	18
3.50000000000000	6
3	9
3.50000000000000	0
2.50000000000000	3
5	0
5	0
3	27
4	7
2.50000000000000	0
5	0
3	26
3	24
3.50000000000000	5
2.50000000000000	28
3	8
3.50000000000000	8
4.50000000000000	10
3	252
2.50000000000000	17
2.50000000000000	15
2	47
4.50000000000000	5
3.50000000000000	42
1.50000000000000	26
3.50000000000000	101
3	240
2.50000000000000	180
1.50000000000000	0
3.50000000000000	9
3	24
4	12
4	4
3.50000000000000	86
4	0
3	63
4	43
3	8
3	16
4	11
2.50000000000000	5
3.50000000000000	8
5	0
3.50000000000000	0
2	0
3.50000000000000	17
3.50000000000000	14
2.50000000000000	96
2.50000000000000	5
3	0
4	40
2.50000000000000	4
3	72
2.50000000000000	18
3	9
2	6
3	5
4.50000000000000	9
3.50000000000000	8
2	26
4.50000000000000	143
4.50000000000000	0
3.50000000000000	0
3.50000000000000	15
3.50000000000000	51
3	0
3.50000000000000	60
2	43
3.50000000000000	45
4	172
3.50000000000000	15
2.50000000000000	8
3	9
4.50000000000000	22
3.50000000000000	15
2.50000000000000	8
3.50000000000000	5
3.50000000000000	81
4	4
3	348
3	104
2.50000000000000	58
3	184
1.50000000000000	0
3	38
2	0
1.50000000000000	0
4	214
2.50000000000000	0
4	7
3.50000000000000	0
4	0
2.50000000000000	9
4.50000000000000	94
2.50000000000000	7
3.50000000000000	20
4	38
2.50000000000000	3
3.50000000000000	119
3.50000000000000	22
3	12
2.50000000000000	205
3.50000000000000	17
4	5
3.50000000000000	51
4	82
3	59
3	364
3	19
4	0
2.50000000000000	4
2.50000000000000	48
5	7
4.50000000000000	177
3.50000000000000	993
4	296
4	738
3.50000000000000	116
3	74
4	47
4	0
4	41
4	0
3.50000000000000	0
4	0
4	1086
3.50000000000000	0
3.50000000000000	300
4	71
3	10
4	13
3	46
3.50000000000000	153
3.50000000000000	443
3.50000000000000	424
2.50000000000000	15
3.50000000000000	256
2	218
2.50000000000000	115
3.50000000000000	175
2.50000000000000	329
4	152
5	0
3.50000000000000	18
3	4
3.50000000000000	7
5	0
4	454
4	648
3.50000000000000	228
2.50000000000000	0
3.50000000000000	0
3	23
4	35
5	0
5	0
5	0
5	40
4	5
3.50000000000000	5
3	0
4.50000000000000	50
3.50000000000000	23
3	7
4	1059
4	92
3.50000000000000	34
3	60
3.50000000000000	65
2	355
3	347
4	42
4	53
4	18
4	635
3	282
4	46
1.50000000000000	73
4.50000000000000	4
4.50000000000000	0
3	157
4	17
3	46
4.50000000000000	17
4	185
3.50000000000000	7
4	638
4	19
4.50000000000000	252
3.50000000000000	93
4	53
3.50000000000000	57
4	103
4.50000000000000	82
4	0
3.50000000000000	88
3.50000000000000	29
3.50000000000000	6
3	283
5	3
4	511
5	15
4.50000000000000	396
4	306
3	257
3.50000000000000	612
5	0
4.50000000000000	45
3.50000000000000	11
4	11
3.50000000000000	135
4	10
4	40
5	6
4	727
4	443
3.50000000000000	58
2.50000000000000	49
4	5
4	24
3.50000000000000	96
4	110
3.50000000000000	37
3.50000000000000	72
3	49
3	0
3.50000000000000	62
2.50000000000000	328
5	0
5	35
3	495
5	17
2.50000000000000	34
1.50000000000000	4
3	22
3	35
4.50000000000000	0
4	585
3.50000000000000	752
4	0
3.50000000000000	48
4.50000000000000	547
5	0
5	17
4	27
1	0
3	217
4	939
3.50000000000000	663
4.50000000000000	0
3	143
4	24
3	143
4	238
2.50000000000000	0
3	3
3.50000000000000	43
3.50000000000000	0
4.50000000000000	15
3.50000000000000	0
2.50000000000000	130
2.50000000000000	222
3	3
4	152
4.50000000000000	4
4	0
3.50000000000000	116
3.50000000000000	3
3	8
3.50000000000000	60
3.50000000000000	6
4	34
3.50000000000000	13
4	900
4	601
2.50000000000000	236
3.50000000000000	20
4	101
4.50000000000000	175
4	626
5	11
2.50000000000000	100
3	74
5	0
3.50000000000000	59
4.50000000000000	143
4	31
3.50000000000000	255
4.50000000000000	12
4.50000000000000	284
3.50000000000000	28
5	0
3.50000000000000	7
3.50000000000000	40
4	636
4	0
2.50000000000000	0
4	77
2.50000000000000	663
4.50000000000000	41
2.50000000000000	9
4	212
3.50000000000000	200
4	22
3.50000000000000	6
3.50000000000000	0
3.50000000000000	733
3.50000000000000	11
3.50000000000000	0
4.50000000000000	41
1.50000000000000	5
3.50000000000000	60
3.50000000000000	15
2.50000000000000	0
4	16
2.50000000000000	94
4	35
3.50000000000000	36
4	25
4	368
5	0
4.50000000000000	0
4.50000000000000	32
2.50000000000000	11
3	5
4	94
4.50000000000000	261
5	0
2.50000000000000	254
4.50000000000000	0
5	5
3.50000000000000	22
3.50000000000000	88
4	952
3.50000000000000	47
3.50000000000000	1123
1	3
3	85
2.50000000000000	144
4	8
4	281
3	49
5	7
4	180
4	0
5	0
3.50000000000000	127
5	0
5	152
2	0
4.50000000000000	62
4	2835
4	21
3.50000000000000	1313
3.50000000000000	21
4	0
3.50000000000000	0
4	20
3.50000000000000	6
2	8
3.50000000000000	636
4	159
4	58
4.50000000000000	40
3.50000000000000	6
4	491
3	106
5	0
3	0
4	562
4.50000000000000	83
3.50000000000000	164
2.50000000000000	12
4.50000000000000	23
3	15
3	110
4	0
4	1602
3.50000000000000	24
5	5
3	181
4.50000000000000	17
5	0
3.50000000000000	66
2	53
3.50000000000000	51
4	8
5	0
2	22
5	53
4.50000000000000	0
4	4
3.50000000000000	9
2.50000000000000	3
3.50000000000000	40
2.50000000000000	50
4	43
4	0
3.50000000000000	371
3	188
4.50000000000000	103
5	14
3.50000000000000	21
5	482
4.50000000000000	559
3.50000000000000	22
3.50000000000000	66
5	0
4	16
4	11
2	30
4.50000000000000	112
5	133
3.50000000000000	114
2.50000000000000	35
4.50000000000000	16
4	334
4	73
2	23
3.50000000000000	662
3.50000000000000	76
3	53
3	182
4	0
4.50000000000000	72
3	544
5	0
3	0
3.50000000000000	5
3.50000000000000	37
5	0
4	20
4	325
3	505
3.50000000000000	0
5	0
3	339
5	0
4	140
4.50000000000000	160
3	133
2.50000000000000	18
5	47
3.50000000000000	156
2.50000000000000	32
4	972
4	35
2.50000000000000	4
4	4
4.50000000000000	10
4	684
2.50000000000000	71
3	7
3	386
3.50000000000000	46
2.50000000000000	0
3.50000000000000	0
4	62
3.50000000000000	106
4.50000000000000	48
3.50000000000000	0
3.50000000000000	153
3	51
3	3
3	50
4.50000000000000	4
4	6
3.50000000000000	0
4.50000000000000	12
4.50000000000000	5
4.50000000000000	94
2.50000000000000	5
3	33
5	20
2.50000000000000	0
4	160
2.50000000000000	0
3.50000000000000	5
4	13
3.50000000000000	172
5	157
4.50000000000000	2182
3	89
4.50000000000000	29
5	0
4	35
2.50000000000000	36
4.50000000000000	0
3	10
4.50000000000000	58
4	194
4	288
4.50000000000000	0
5	0
3.50000000000000	92
5	0
3.50000000000000	7
1.50000000000000	0
1.50000000000000	43
4.50000000000000	241
4	65
4	254
4.50000000000000	170
3.50000000000000	8
3.50000000000000	86
3	261
4	11
5	0
4.50000000000000	35
4	336
4.50000000000000	0
3.50000000000000	65
3.50000000000000	34
4	611
5	68
4.50000000000000	0
3	31
3	74
3.50000000000000	114
4	9
4.50000000000000	665
3.50000000000000	32
3	15
4	12
4	281
3.50000000000000	83
4.50000000000000	167
3	12
4.50000000000000	65
2.50000000000000	39
4	787
5	0
3.50000000000000	0
2.50000000000000	0
3	95
4.50000000000000	108
4	31
3.50000000000000	19
3.50000000000000	98
5	3
2.50000000000000	44
3.50000000000000	24
4	73
5	3
2.50000000000000	35
3	100
5	0
5	52
3	12
4	32
4	0
4.50000000000000	93
4.50000000000000	89
4.50000000000000	77
3.50000000000000	34
4.50000000000000	1207
3	66
4	0
3	110
4	3
3.50000000000000	142
4	141
3.50000000000000	17
5	0
3	35
4	1825
4	65
3.50000000000000	62
4.50000000000000	0
5	251
5	0
4.50000000000000	33
4.50000000000000	25
4	4
3.50000000000000	207
3.50000000000000	10
3	494
3	0
3.50000000000000	63
3.50000000000000	419
2.50000000000000	10
3.50000000000000	10
3	541
4	29
3.50000000000000	344
3	36
3	18
4.50000000000000	375
5	0
4	0
3.50000000000000	16
3.50000000000000	19
5	0
3	0
4	122
4	422
4	19
4	127
3	0
3.50000000000000	0
3.50000000000000	44
4	230
3	200
2.50000000000000	48
3.50000000000000	76
4.50000000000000	52
5	374
4.50000000000000	250
3.50000000000000	68
3.50000000000000	100
2.50000000000000	106
2	13
2.50000000000000	29
3	42
4	15
4	9
2	7
5	10
4	0
4	4
4.50000000000000	3
5	0
3	26
4	7
5	38
3	89
3	68
3.50000000000000	257
3	7
4.50000000000000	207
3.50000000000000	139
1	0
4	206
3	36
4	0
3.50000000000000	41
2.50000000000000	57
5	136
3	16
4	7
2.50000000000000	0
4	42
4.50000000000000	25
4	53
5	0
3	149
5	0
4	47
5	0
3.50000000000000	113
2.50000000000000	79
5	0
5	4
3.50000000000000	28
3.50000000000000	101
3.50000000000000	5
4.50000000000000	30
3.50000000000000	137
3.50000000000000	8
4	0
3.50000000000000	672
3.50000000000000	0
5	0
3	0
3.50000000000000	18
3	350
3.50000000000000	21
3.50000000000000	10
4	6
4.50000000000000	30
3.50000000000000	20
3.50000000000000	19
3.50000000000000	6
4	149
3	17
4	354
4	21
4.50000000000000	19
3.50000000000000	55
3.50000000000000	0
4.50000000000000	35
2	0
4	501
4.50000000000000	39
3.50000000000000	11
5	0
2.50000000000000	27
4	122
2.50000000000000	58
5	4
5	0
5	12
4	25
4	9
5	0
3.50000000000000	225
4	230
2	5
5	25
3	114
3	9
4	8
4.50000000000000	250
5	28
5	3
4	19
3	11
3.50000000000000	0
2.50000000000000	40
5	0
2.50000000000000	15
3.50000000000000	7
2.50000000000000	53
4	7
1	5
4	112
4.50000000000000	136
4.50000000000000	0
3.50000000000000	327
3.50000000000000	278
4.50000000000000	991
4.50000000000000	500
3.50000000000000	124
3.50000000000000	0
4	33
5	0
4.50000000000000	18
4	28
3	116
4	22
4	79
3	729
3	31
3	3
4.50000000000000	25
4.50000000000000	18
4.50000000000000	88
4.50000000000000	7
2.50000000000000	0
4	136
4	15
4	3
4.50000000000000	0
4	43
3.50000000000000	21
3.50000000000000	22
3	29
4	103
4	322
4	0
4	20
2	16
4	0
5	6
3	126
3.50000000000000	502
2	0
5	4
4.50000000000000	150
4.50000000000000	0
3	35
4	33
3.50000000000000	268
4	37
4	32
4	93
4	31
4	87
4	24
4	111
5	0
3.50000000000000	35
3.50000000000000	357
2.50000000000000	10
4	89
4	0
1.50000000000000	11
4	23
3.50000000000000	60
3.50000000000000	710
3	42
3.50000000000000	95
3.50000000000000	97
4.50000000000000	0
4	11
3.50000000000000	42
3.50000000000000	96
4	1082
4	118
3.50000000000000	0
4.50000000000000	10
3	0
3	35
3.50000000000000	0
3.50000000000000	5
3.50000000000000	51
4.50000000000000	248
4	10
3	8
4	46
3	5
3.50000000000000	24
3.50000000000000	87
4	250
4	7
3	69
3	41
2	0
4.50000000000000	32
3	0
3	147
1.50000000000000	14
4.50000000000000	20
4	48
3	469
4	29
5	0
3.50000000000000	51
3.50000000000000	175
4.50000000000000	21
1	0
4.50000000000000	5
1.50000000000000	10
4.50000000000000	31
4.50000000000000	31
4	0
3.50000000000000	319
4.50000000000000	25
4	55
4.50000000000000	0
2.50000000000000	118
3.50000000000000	20
2.50000000000000	72
4	206
2.50000000000000	5
4	466
2.50000000000000	201
1	0
3.50000000000000	120
3.50000000000000	434
3.50000000000000	122
4	8
3.50000000000000	20
4.50000000000000	12
4	11
3	455
5	0
4	0
3.50000000000000	35
3.50000000000000	222
2.50000000000000	0
5	0
4	70
3	124
3	175
4.50000000000000	0
3	80
3.50000000000000	587
3.50000000000000	234
3.50000000000000	18
5	6
4	18
4.50000000000000	202
3	0
4	118
2.50000000000000	0
4.50000000000000	72
2.50000000000000	17
4.50000000000000	11
4	48
3.50000000000000	0
5	7
1.50000000000000	22
4	28
4.50000000000000	33
3	40
3.50000000000000	25
4.50000000000000	13
3.50000000000000	872
3	170
4	208
3.50000000000000	60
4	0
3.50000000000000	57
5	0
3	23
4.50000000000000	11
3.50000000000000	11
4.50000000000000	0
4.50000000000000	9
3.50000000000000	0
4.50000000000000	43
3.50000000000000	11
4.50000000000000	308
3	19
4	15
4	125
5	4
5	0
2	168
4.50000000000000	17
3	53
5	0
3	127
5	128
4	16
3.50000000000000	41
3.50000000000000	0
2.50000000000000	9
4.50000000000000	12
5	9
5	317
4	10
3.50000000000000	17
3.50000000000000	0
1.50000000000000	0
3	16
4	20
4.50000000000000	0
2.50000000000000	0
3	729
2	0
4	25
4.50000000000000	6
4	8
2	0
4.50000000000000	0
4.50000000000000	57
4	0
3	87
1.50000000000000	5
3.50000000000000	4
3.50000000000000	5
4.50000000000000	38
3	9
4.50000000000000	15
3	8
4	129
3.50000000000000	14
4	21
2.50000000000000	0
4	0
3.50000000000000	150
3.50000000000000	23
4	494
3	27
4	5
2	5
4	13
5	0
1.50000000000000	22
2.50000000000000	39
4	195
4	119
3.50000000000000	0
5	0
4	8
1	3
4.50000000000000	195
4.50000000000000	15
5	10
4.50000000000000	0
4	17
3.50000000000000	36
3.50000000000000	18
1.50000000000000	0
3.50000000000000	22
3	0
4	86
2	6
4.50000000000000	69
3.50000000000000	148
5	13
2	190
3	40
3	7
3.50000000000000	140
4.50000000000000	20
4	23
4.50000000000000	903
3.50000000000000	0
2.50000000000000	0
2.50000000000000	17
4.50000000000000	411
3.50000000000000	8
4	4
3.50000000000000	8
3.50000000000000	79
4	555
4.50000000000000	0
3.50000000000000	27
4	0
2.50000000000000	432
4.50000000000000	138
4.50000000000000	172
3.50000000000000	260
3.50000000000000	20
2.50000000000000	0
3	171
1.50000000000000	25
2	0
4.50000000000000	7
4.50000000000000	25
2	10
3	55
4.50000000000000	15
4	34
2.50000000000000	13
3.50000000000000	30
3	21
5	0
4	169
3	8
5	0
3	70
4.50000000000000	19
3.50000000000000	70
3.50000000000000	187
2.50000000000000	5
4.50000000000000	38
3	131
4	504
2.50000000000000	7
4.50000000000000	27
5	28
3.50000000000000	25
4.50000000000000	17
2.50000000000000	112
5	0
4.50000000000000	0
5	0
2	21
4	32
3	27
3.50000000000000	27
3.50000000000000	835
4	0
2	63
3.50000000000000	258
4.50000000000000	22
2	0
3.50000000000000	69
1.50000000000000	0
3.50000000000000	28
3	291
3.50000000000000	148
4.50000000000000	27
3	145
4.50000000000000	27
3.50000000000000	0
4.50000000000000	20
3	12
5	0
3.50000000000000	8
4	147
1	12
4.50000000000000	22
3.50000000000000	76
3.50000000000000	1249
4	351
3.50000000000000	34
4.50000000000000	21
3	100
2.50000000000000	0
2.50000000000000	106
4	15
3	0
3.50000000000000	42
2.50000000000000	12
3	533
5	0
5	4
4	13
1.50000000000000	49
3.50000000000000	0
4	584
3.50000000000000	25
5	3
3.50000000000000	7
3.50000000000000	139
4.50000000000000	74
4.50000000000000	16
3.50000000000000	16
4	1096
3.50000000000000	0
4	481
3.50000000000000	32
4.50000000000000	21
4	98
4	170
1	3
3.50000000000000	3
1.50000000000000	49
4.50000000000000	6
1.50000000000000	8
3	22
3.50000000000000	109
3.50000000000000	74
2.50000000000000	9
2	0
3.50000000000000	116
2.50000000000000	15
3.50000000000000	72
5	0
4.50000000000000	0
3.50000000000000	129
3.50000000000000	0
3	143
2	15
2	0
4.50000000000000	5
4	82
5	4
4	26
1.50000000000000	0
4.50000000000000	0
3.50000000000000	150
3.50000000000000	0
3.50000000000000	0
4	11
4	280
5	0
3.50000000000000	26
3.50000000000000	171
3.50000000000000	150
4	59
5	0
4	7
4.50000000000000	45
4.50000000000000	17
3	16
2.50000000000000	50
4.50000000000000	23
4.50000000000000	0
3.50000000000000	60
3.50000000000000	112
5	0
2.50000000000000	12
3.50000000000000	167
4.50000000000000	13
5	0
3.50000000000000	424
2	0
3.50000000000000	10
2.50000000000000	0
5	6
4	125
4	139
3	17
4.50000000000000	90
5	219
4	11
4.50000000000000	79
4	3
2.50000000000000	0
4	538
4	237
4.50000000000000	87
5	16
5	18
3.50000000000000	78
2.50000000000000	0
4.50000000000000	8
3.50000000000000	39
3	383
4	84
4	21
3.50000000000000	51
1.50000000000000	0
3	46
3.50000000000000	60
3	9
2.50000000000000	4
4.50000000000000	25
5	25
3	0
2.50000000000000	0
3.50000000000000	7
3.50000000000000	118
4	0
4.50000000000000	1014
2.50000000000000	7
4	9
4	1407
4	58
3.50000000000000	47
2.50000000000000	0
1.50000000000000	0
5	0
2	7
4	14
3.50000000000000	210
4.50000000000000	49
4	216
4	53
5	0
3	0
5	0
5	0
4	259
4	17
4	102
4.50000000000000	214
4.50000000000000	82
3	348
3	623
2.50000000000000	23
4	190
3	3
3.50000000000000	133
4.50000000000000	0
2.50000000000000	0
3.50000000000000	86
3.50000000000000	6
3	0
4.50000000000000	15
4.50000000000000	10
2	18
4.50000000000000	106
4	128
4.50000000000000	160
3.50000000000000	260
4.50000000000000	21
4.50000000000000	34
3	0
4.50000000000000	9
5	0
4	40
2	10
4.50000000000000	0
4.50000000000000	15
4.50000000000000	992
3.50000000000000	31
4.50000000000000	511
3	9
2	164
3.50000000000000	172
4	284
4.50000000000000	33
4.50000000000000	16
3	77
3.50000000000000	19
4.50000000000000	0
3.50000000000000	25
5	0
4.50000000000000	16
4.50000000000000	34
4.50000000000000	58
2	55
3.50000000000000	54
5	0
4	17
4	162
3	258
3.50000000000000	0
2.50000000000000	0
2.50000000000000	73
3	209
3.50000000000000	488
4.50000000000000	25
3.50000000000000	7
3	3
3.50000000000000	103
5	0
3.50000000000000	4
4.50000000000000	18
3.50000000000000	19
5	0
2	3
3.50000000000000	44
4	12
2.50000000000000	58
5	4
4	86
3	0
3	34
4	0
3.50000000000000	377
4	0
2.50000000000000	262
3	26
3	42
4	13
5	0
4	33
5	14
4	0
3.50000000000000	33
3.50000000000000	0
4	267
3.50000000000000	103
2.50000000000000	0
3.50000000000000	289
5	5
4	13
5	3
5	0
2.50000000000000	0
2.50000000000000	0
5	3
5	5
4	0
2	0
3	15
3.50000000000000	90
4	157
3	4
4.50000000000000	129
3	76
3.50000000000000	80
2.50000000000000	46
3.50000000000000	16
1.50000000000000	8
2.50000000000000	18
4	54
5	0
3	98
2.50000000000000	0
3.50000000000000	21
1.50000000000000	3
3.50000000000000	9
3.50000000000000	58
2.50000000000000	12
3	107
3	109
3.50000000000000	264
3.50000000000000	62
4.50000000000000	9
4	128
3.50000000000000	87
3.50000000000000	128
3.50000000000000	26
2	7
4	90
4.50000000000000	30
3.50000000000000	0
4	13
5	25
3.50000000000000	10
4.50000000000000	0
4	239
2.50000000000000	52
3	74
4	4
2	117
5	25
4	18
5	3
4.50000000000000	10
4.50000000000000	22
2.50000000000000	181
2	0
2.50000000000000	110
3.50000000000000	200
3.50000000000000	18
3.50000000000000	0
4.50000000000000	9
3.50000000000000	200
4	35
1.50000000000000	5
2.50000000000000	28
4	108
5	42
3	0
3.50000000000000	26
3.50000000000000	15
4	0
4	11
4.50000000000000	260
2.50000000000000	188
3.50000000000000	10
4	0
3	31
3	578
1.50000000000000	17
4	256
5	3
3.50000000000000	75
4.50000000000000	9
5	6
3	65
3.50000000000000	0
3	5
4	345
3.50000000000000	13
3.50000000000000	27
2.50000000000000	4
3.50000000000000	3
2.50000000000000	0
3	32
5	25
4.50000000000000	8
3	4
4	6
3.50000000000000	0
5	7
4	21
4	20
4	89
3.50000000000000	0
5	5
3	54
4.50000000000000	39
4.50000000000000	50
4.50000000000000	285
3.50000000000000	344
4	80
3.50000000000000	12
4	0
4	241
4	635
5	0
3.50000000000000	81
4	32
3.50000000000000	0
3	11
3	0
4	21
1	22
4	60
3.50000000000000	0
2.50000000000000	103
5	7
4	128
4.50000000000000	185
3.50000000000000	4
3	95
4.50000000000000	0
3	250
4	36
4.50000000000000	0
5	0
4.50000000000000	18
3	7
3	0
4.50000000000000	16
4.50000000000000	28
4	82
4	722
5	0
2	82
2.50000000000000	19
1.50000000000000	0
4	51
4	12
3	40
5	70
4.50000000000000	7
4.50000000000000	387
4	0
3	93
2	0
4.50000000000000	190
4	235
3	38
3	50
4	93
4	7
3.50000000000000	0
4	362
3.50000000000000	50
2.50000000000000	0
4	0
2.50000000000000	5
2.50000000000000	6
3.50000000000000	75
4	41
4	476
3.50000000000000	95
4.50000000000000	4
2.50000000000000	119
3.50000000000000	82
5	0
1	0
3.50000000000000	59
5	0
2.50000000000000	7
3	4
4	9
2.50000000000000	195
3	9
3.50000000000000	11
4	16
4.50000000000000	11
5	3
4.50000000000000	2172
3.50000000000000	738
5	81
5	51
4	13
4	42
5	0
3	10
5	9
2.50000000000000	0
5	0
3.50000000000000	114
4.50000000000000	0
3	7
4.50000000000000	236
2.50000000000000	0
3.50000000000000	53
3	120
4.50000000000000	3
4	19
4.50000000000000	181
4	39
4.50000000000000	5
3.50000000000000	35
1	0
3	193
3	228
2.50000000000000	0
3.50000000000000	0
4	23
4	8
3	0
3.50000000000000	231
3	13
4.50000000000000	0
4.50000000000000	0
4.50000000000000	4
3.50000000000000	46
2.50000000000000	0
4.50000000000000	5
4	9
3.50000000000000	25
4.50000000000000	18
3.50000000000000	70
3	45
4.50000000000000	155
1.50000000000000	7
3.50000000000000	78
5	5
4	30
4	0
4	25
2.50000000000000	5
3.50000000000000	77
2.50000000000000	21
2	48
4.50000000000000	0
4	171
4	6
3	272
4.50000000000000	0
1.50000000000000	187
4.50000000000000	546
2.50000000000000	0
4.50000000000000	10
4	0
4	222
5	3
5	27
4	404
3	10
4	10
5	3
3.50000000000000	247
2.50000000000000	11
1	0
4	279
4	7
2.50000000000000	8
3	0
3.50000000000000	9
4	6
4	61
5	30
4.50000000000000	27
3.50000000000000	210
3.50000000000000	85
3	5
5	6
2.50000000000000	16
3	5
1	0
5	0
4	6
4	0
2.50000000000000	13
3	0
3.50000000000000	76
2	115
3.50000000000000	14
3	12
3.50000000000000	15
3	3
2.50000000000000	173
2.50000000000000	0
4	0
3.50000000000000	57
4.50000000000000	8
5	0
2.50000000000000	7
4	13
4.50000000000000	82
4.50000000000000	304
5	0
2.50000000000000	60
1	0
3	27
4	201
3	11
2.50000000000000	3
3.50000000000000	201
4	15
5	76
5	18
3	17
5	0
4	8
4.50000000000000	0
4	13
4.50000000000000	15
3	183
2	19
4	0
4.50000000000000	16
4	39
5	3
3.50000000000000	10
4.50000000000000	12
2.50000000000000	42
4	4
4.50000000000000	5
4	0
3	109
5	0
2	0
4.50000000000000	11
4	0
2.50000000000000	0
4	0
4	0
5	4
3.50000000000000	11
4	198
4	0
3.50000000000000	0
4.50000000000000	12
5	7
4.50000000000000	7
5	0
4.50000000000000	45
4.50000000000000	0
4.50000000000000	0
2	6
3.50000000000000	73
2	306
3.50000000000000	67
3.50000000000000	87
5	19
4.50000000000000	16
4	129
3.50000000000000	195
3.50000000000000	39
2	26
2	9
3.50000000000000	91
3.50000000000000	23
4	134
3.50000000000000	11
5	0
2	63
3.50000000000000	531
3	18
3	7
5	92
4.50000000000000	4
3.50000000000000	3
3	101
5	0
4	38
5	4
2.50000000000000	0
4	18
5	145
3	10
4	21
4.50000000000000	420
4	375
5	14
4.50000000000000	0
3	150
3.50000000000000	4
3.50000000000000	0
3	14
1	0
3	40
4.50000000000000	8
3.50000000000000	8
4	94
4	14
3	9
2.50000000000000	56
4	70
3	89
4	126
3	149
4	1133
2	123
5	6
3.50000000000000	53
5	0
4.50000000000000	11
2.50000000000000	3
4.50000000000000	8
2.50000000000000	36
2.50000000000000	53
3	6
4.50000000000000	0
5	0
2.50000000000000	0
4.50000000000000	11
4.50000000000000	11
3	53
5	0
4.50000000000000	28
2.50000000000000	0
4.50000000000000	0
4	105
4	217
4.50000000000000	22
3	349
5	33
3	3
4.50000000000000	22
4.50000000000000	0
2.50000000000000	6
3	4
5	0
5	0
4	0
2.50000000000000	8
4.50000000000000	505
2.50000000000000	20
2	0
5	0
4	5
3.50000000000000	0
1	5
3	29
3	62
3.50000000000000	11
5	0
4.50000000000000	21
5	0
4.50000000000000	11
4	109
5	56
1	0
5	9
3	12
1	0
4.50000000000000	53
3	0
3	47
4.50000000000000	40
3.50000000000000	3
2.50000000000000	9
4	48
2.50000000000000	6
3.50000000000000	302
5	25
3	18
5	0
1	0
4.50000000000000	34
3.50000000000000	0
3.50000000000000	21
4.50000000000000	32
3	0
4	0
5	0
2	0
4	85
2.50000000000000	3
2.50000000000000	25
2.50000000000000	35
5	4
1.50000000000000	0
4	43
5	0
4	32
5	0
4	221
4	113
3.50000000000000	537
4.50000000000000	19
4.50000000000000	5
3.50000000000000	69
3.50000000000000	495
4.50000000000000	3
3	8
4	180
2.50000000000000	3
3.50000000000000	9
4.50000000000000	7
4.50000000000000	116
4.50000000000000	7
2	0
3	0
1	0
5	0
5	0
4	5
4.50000000000000	42
4.50000000000000	4
5	0
4	379
5	13
3.50000000000000	0
5	34
4	113
5	110
4.50000000000000	69
4	115
4	3
3	32
3.50000000000000	29
3.50000000000000	45
4	27
4	15
5	0
4	144
4	18
4	77
5	12
4	7
4	0
4	13
5	0
3.50000000000000	8
4	0
5	0
5	29
3	0
4.50000000000000	7
4.50000000000000	7
5	0
1.50000000000000	0
4.50000000000000	6
4.50000000000000	5
3	0
2	12
4	0
4	140
3.50000000000000	6
4.50000000000000	31
3	7
4	49
5	0
4.50000000000000	204
3.50000000000000	5
3.50000000000000	76
3	8
5	0
2.50000000000000	0
4.50000000000000	4
5	0
4.50000000000000	45
4	0
4.50000000000000	200
3	29
3	86
4	4
4	0
3.50000000000000	0
3.50000000000000	17
4	35
3.50000000000000	0
4	0
3	24
5	0
2.50000000000000	6
5	0
3.50000000000000	197
3	41
4	16
3.50000000000000	16
4	135
3.50000000000000	83
3	89
4	20
4.50000000000000	0
3	108
3	125
5	0
2	13
3.50000000000000	10
3	0
5	0
4.50000000000000	0
3.50000000000000	3
3	9
3.50000000000000	635
4.50000000000000	4
5	0
5	36
3	14
4.50000000000000	174
3.50000000000000	8
5	8
3.50000000000000	13
3	78
4.50000000000000	0
3.50000000000000	6
1	0
4.50000000000000	48
4	15
1	0
3	33
4.50000000000000	52
4.50000000000000	0
2.50000000000000	4
3.50000000000000	24
5	0
5	0
5	0
3	6
2	28
4.50000000000000	15
4	0
3.50000000000000	0
3	0
1.50000000000000	0
4	50
3.50000000000000	146
5	16
2.50000000000000	0
4	34
4.50000000000000	21
5	0
1	5
2	92
1	20
1.50000000000000	3
5	19
2.50000000000000	80
4	64
2.50000000000000	79
2	47
4	70
2.50000000000000	10
4.50000000000000	53
4	6
2.50000000000000	81
3.50000000000000	0
3	219
5	0
3.50000000000000	90
4.50000000000000	123
5	0
3.50000000000000	3
4.50000000000000	18
3.50000000000000	5
2.50000000000000	0
4	0
4	0
1.50000000000000	0
2	3
4.50000000000000	33
3.50000000000000	5
3.50000000000000	78
5	0
3	191
4	12
2	0
3.50000000000000	184
3.50000000000000	547
3.50000000000000	152
4	41
4	23
4	87
4.50000000000000	144
5	7
4	0
1.50000000000000	3
4.50000000000000	77
2.50000000000000	0
3	0
4.50000000000000	6
4	60
5	0
4	0
5	5
3	13
5	0
3.50000000000000	34
4.50000000000000	262
4	21
4.50000000000000	5
1.50000000000000	37
2	0
4	12
4.50000000000000	15
3.50000000000000	0
2	0
5	0
4	0
2.50000000000000	5
2.50000000000000	0
3.50000000000000	13
3.50000000000000	0
5	117
4	829
4	422
5	9
4.50000000000000	0
4	7
4	15
4	13
4.50000000000000	0
4	46
5	0
5	4
5	6
3	13
4.50000000000000	56
3	11
2.50000000000000	5
4	315
5	0
3.50000000000000	21
4.50000000000000	0
4.50000000000000	67
4	12
2.50000000000000	6
5	0
4	20
5	0
3.50000000000000	0
4	9
4	21
4.50000000000000	18
3.50000000000000	94
5	5
3	149
4	0
3.50000000000000	75
5	0
4	0
3.50000000000000	224
4	76
4	22
4.50000000000000	8
5	0
5	0
4.50000000000000	31
4.50000000000000	77
5	19
3.50000000000000	27
2.50000000000000	0
4.50000000000000	0
5	0
4.50000000000000	0
4	51
3.50000000000000	97
5	0
4.50000000000000	314
5	23
1	0
4.50000000000000	6
4.50000000000000	303
3.50000000000000	63
5	4
4.50000000000000	0
2.50000000000000	0
4	42
4.50000000000000	0
4.50000000000000	5
4.50000000000000	234
4.50000000000000	53
4	84
3.50000000000000	0
1.50000000000000	0
2.50000000000000	150
3.50000000000000	36
4	196
5	61
4	0
5	0
5	0
3	112
3	0
1.50000000000000	0
2	7
4.50000000000000	0
5	0
4	74
4	93
4	184
4.50000000000000	0
2.50000000000000	6
3.50000000000000	54
2.50000000000000	0
4	30
1.50000000000000	345
4.50000000000000	324
2	4
4.50000000000000	362
5	0
4.50000000000000	13
4	491
3.50000000000000	17
5	19
4	0
3	233
4.50000000000000	3
4	17
3	51
4	200
1.50000000000000	0
4.50000000000000	11
2.50000000000000	0
4.50000000000000	19
5	0
4.50000000000000	9
4	23
4	5
4.50000000000000	51
2	0
3.50000000000000	106
4.50000000000000	17
2.50000000000000	0
4.50000000000000	20
4.50000000000000	38
5	32
5	22
4.50000000000000	382
3	9
5	0
4.50000000000000	4
5	0
4.50000000000000	278
5	36
3.50000000000000	27
3.50000000000000	57
3	4
5	0
5	0
2.50000000000000	0
3	25
3.50000000000000	18
3	0
4	8
3.50000000000000	21
3.50000000000000	12
4.50000000000000	0
3.50000000000000	89
4	263
2.50000000000000	10
5	3
4.50000000000000	17
5	6
4	11
4.50000000000000	68
2.50000000000000	0
4	8
4	0
5	6
5	0
3.50000000000000	30
3.50000000000000	45
3.50000000000000	19
4.50000000000000	14
4	0
3	6
2	0
2.50000000000000	20
3.50000000000000	44
3	0
4.50000000000000	8
5	27
2	16
5	7
3.50000000000000	21
5	0
4	5
4.50000000000000	178
5	5
3	62
5	0
3.50000000000000	0
4.50000000000000	13
3	14
2.50000000000000	12
4.50000000000000	114
4	9
2.50000000000000	3
4	6
3	61
5	6
4.50000000000000	5
4.50000000000000	8
2	8
4.50000000000000	70
2.50000000000000	16
2.50000000000000	11
4	107
1.50000000000000	68
4	10
3.50000000000000	144
4	19
3	0
3.50000000000000	59
4	29
2	0
3.50000000000000	3
5	0
4.50000000000000	0
5	28
1.50000000000000	0
5	0
3.50000000000000	201
4.50000000000000	19
2.50000000000000	9
4	39
4	4
3.50000000000000	268
2	10
3	111
5	0
4.50000000000000	0
4.50000000000000	8
5	0
3.50000000000000	0
3.50000000000000	0
5	9
4.50000000000000	0
3.50000000000000	18
5	17
5	5
4	5
4	58
5	0
4.50000000000000	0
5	0
5	20
5	0
4.50000000000000	0
2.50000000000000	0
4.50000000000000	0
1.50000000000000	0
2.50000000000000	6
4	0
3	6
3.50000000000000	4
4	0
4.50000000000000	0
2.50000000000000	0
4	0
5	0
5	0
4	49
2	6
2.50000000000000	13
4	4
4	240
4	0
4	7
3.50000000000000	0
5	38
4	218
4	0
5	25
4	19
3	35
5	0
4.50000000000000	12
4	77
4.50000000000000	253
4	9
5	0
4	282
3	8
4	85
3.50000000000000	183
4.50000000000000	76
5	13
4.50000000000000	22
4	0
5	6
2	32
3.50000000000000	38
4.50000000000000	14
2.50000000000000	28
2	0
5	5
4.50000000000000	7
3	9
4.50000000000000	35
3.50000000000000	192
4	0
5	0
3	58
4.50000000000000	4
3.50000000000000	0
5	6
4	0
2.50000000000000	71
4.50000000000000	6
4	455
5	4
4.50000000000000	36
3.50000000000000	339
2	0
3	24
4.50000000000000	8
3.50000000000000	24
5	9
5	0
5	0
4.50000000000000	0
3.50000000000000	5
4.50000000000000	318
3.50000000000000	174
3	189
5	0
4	58
5	0
2.50000000000000	11
4	82
3	34
3	12
3	0
4.50000000000000	250
4	9
3	19
3	196
4.50000000000000	7
4.50000000000000	0
4.50000000000000	100
5	11
5	0
4.50000000000000	42
4.50000000000000	4
4	82
4	7
2.50000000000000	0
3.50000000000000	7
3	0
5	0
4	154
4	43
4.50000000000000	8
5	0
5	89
5	0
4	77
3	16
5	0
3	61
4.50000000000000	91
5	0
4	16
4	0
5	0
4	16
4.50000000000000	162
5	14
5	0
4	0
3	11
4	32
4.50000000000000	168
3.50000000000000	38
3	6
5	0
4.50000000000000	28
4.50000000000000	0
4	0
2.50000000000000	12
4	277
3.50000000000000	3
5	0
5	0
3.50000000000000	11
3	0
3.50000000000000	0
1	0
5	10
5	23
3.50000000000000	33
3	0
4.50000000000000	3
5	0
4	19
4.50000000000000	150
2	5
1	6
5	0
3.50000000000000	5
5	0
5	8
1.50000000000000	18
5	18
2	0
4	35
3.50000000000000	5
5	0
3.50000000000000	55
4.50000000000000	20
3	0
2.50000000000000	515
4.50000000000000	0
5	0
4	100
5	0
3	6
4.50000000000000	18
5	7
5	9
4.50000000000000	3
4.50000000000000	23
4.50000000000000	3
4	4
4.50000000000000	312
4.50000000000000	246
5	0
5	0
5	0
5	0
2.50000000000000	0
4	43
4	6
3	7
4.50000000000000	13
5	0
5	6
4	83
3.50000000000000	0
4	18
4.50000000000000	114
5	0
3.50000000000000	11
4	135
4.50000000000000	20
4.50000000000000	3
3.50000000000000	102
5	0
3.50000000000000	45
4	8
3.50000000000000	4
5	0
3.50000000000000	7
4	21
2.50000000000000	84
5	5
4	35
4.50000000000000	14
4.50000000000000	47
5	5
4.50000000000000	23
4.50000000000000	9
4.50000000000000	58
5	0
3.50000000000000	14
4	21
5	0
3	15
3.50000000000000	51
4.50000000000000	3
4.50000000000000	0
5	0
4.50000000000000	10
3.50000000000000	24
2.50000000000000	52
5	12
4.50000000000000	59
4	132
3.50000000000000	0
3	5
4	95
3.50000000000000	10
3.50000000000000	26
2	0
4	60
4.50000000000000	0
4	299
5	0
4.50000000000000	61
3.50000000000000	176
3	27
3.50000000000000	15
4	0
4.50000000000000	8
4.50000000000000	17
5	6
5	4
3.50000000000000	42
4.50000000000000	134
3.50000000000000	0
3.50000000000000	12
4.50000000000000	0
4.50000000000000	20
2.50000000000000	10
5	6
4	58
2	8
4.50000000000000	8
5	0
4	20
4	80
4.50000000000000	138
3	17
4	0
4.50000000000000	14
4	11
5	0
4.50000000000000	98
4	56
5	12
5	9
5	0
3.50000000000000	89
2.50000000000000	0
5	0
5	0
5	0
4.50000000000000	75
5	0
5	0
4	28
5	17
4	85
4	67
5	0
5	4
4	0
3	21
4.50000000000000	0
4	31
4.50000000000000	71
3.50000000000000	44
3	23
2.50000000000000	10
5	6
1.50000000000000	0
4.50000000000000	27
4.50000000000000	0
4.50000000000000	3
3.50000000000000	0
4.50000000000000	8
4	148
4.50000000000000	14
4	34
5	7
4.50000000000000	0
4.50000000000000	30
4.50000000000000	23
4.50000000000000	51
4	13
5	0
4	5
4.50000000000000	12
4.50000000000000	4
4.50000000000000	6
4.50000000000000	86
4.50000000000000	13
4	80
4.50000000000000	0
4	149
3.50000000000000	13
3	28
5	0
4.50000000000000	3
4	30
4	169
5	0
5	0
4.50000000000000	15
3.50000000000000	33
5	28
4.50000000000000	0
4.50000000000000	20
3	47
3.50000000000000	11
4.50000000000000	54
2	49
5	0
4.50000000000000	27
4	43
2.50000000000000	0
4.50000000000000	0
4.50000000000000	14
4.50000000000000	68
4.50000000000000	8
3.50000000000000	22
4	31
4.50000000000000	23
4	11
4.50000000000000	13
2.50000000000000	0
5	12
5	62
2.50000000000000	3
4.50000000000000	17
4.50000000000000	0
3.50000000000000	6
3.50000000000000	61
4	14
4	42
4.50000000000000	6
3.50000000000000	27
4	23
4.50000000000000	12
4	52
4.50000000000000	11
5	0
3	22
4.50000000000000	39
4	40
5	3
4.50000000000000	20
3.50000000000000	0
4.50000000000000	14
4.50000000000000	41
3.50000000000000	472
4.50000000000000	25
2	4
5	0
4.50000000000000	0
2.50000000000000	14
5	22
3	4
5	36
2.50000000000000	0